(12,0,0) (14,2,0) (14,0,0) 
(14,2,0) (12,0,0) (12,2,0) 
(11.4127,59.25,-3.7082) (13.3148,59.25,-4.32624) (13.3148,61.25,-4.32624) 
(13.3148,61.25,-4.32624) (11.4127,61.25,-3.7082) (11.4127,59.25,-3.7082) 
(12,0,0) (14,0,0) (13.3148,0.75,4.32624) 
(13.3148,0.75,4.32624) (11.4127,0.75,3.7082) (12,0,0) 
(14,0,0) (14,2,0) (13.3148,2.75,4.32624) 
(13.3148,2.75,4.32624) (13.3148,0.75,4.32624) (14,0,0) 
(14,2,0) (12,2,0) (11.4127,2.75,3.7082) 
(11.4127,2.75,3.7082) (13.3148,2.75,4.32624) (14,2,0) 
(12,2,0) (12,0,0) (11.4127,0.75,3.7082) 
(11.4127,0.75,3.7082) (11.4127,2.75,3.7082) (12,2,0) 
(11.4127,0.75,3.7082) (13.3148,0.75,4.32624) (11.3262,1.5,8.22899) 
(11.3262,1.5,8.22899) (9.7082,1.5,7.05342) (11.4127,0.75,3.7082) 
(13.3148,0.75,4.32624) (13.3148,2.75,4.32624) (11.3262,3.5,8.22899) 
(11.3262,3.5,8.22899) (11.3262,1.5,8.22899) (13.3148,0.75,4.32624) 
(13.3148,2.75,4.32624) (11.4127,2.75,3.7082) (9.7082,3.5,7.05342) 
(9.7082,3.5,7.05342) (11.3262,3.5,8.22899) (13.3148,2.75,4.32624) 
(11.4127,2.75,3.7082) (11.4127,0.75,3.7082) (9.7082,1.5,7.05342) 
(9.7082,1.5,7.05342) (9.7082,3.5,7.05342) (11.4127,2.75,3.7082) 
(9.7082,1.5,7.05342) (11.3262,1.5,8.22899) (8.22899,2.25,11.3262) 
(8.22899,2.25,11.3262) (7.05342,2.25,9.7082) (9.7082,1.5,7.05342) 
(11.3262,1.5,8.22899) (11.3262,3.5,8.22899) (8.22899,4.25,11.3262) 
(8.22899,4.25,11.3262) (8.22899,2.25,11.3262) (11.3262,1.5,8.22899) 
(11.3262,3.5,8.22899) (9.7082,3.5,7.05342) (7.05342,4.25,9.7082) 
(7.05342,4.25,9.7082) (8.22899,4.25,11.3262) (11.3262,3.5,8.22899) 
(9.7082,3.5,7.05342) (9.7082,1.5,7.05342) (7.05342,2.25,9.7082) 
(7.05342,2.25,9.7082) (7.05342,4.25,9.7082) (9.7082,3.5,7.05342) 
(7.05342,2.25,9.7082) (8.22899,2.25,11.3262) (4.32624,3,13.3148) 
(4.32624,3,13.3148) (3.7082,3,11.4127) (7.05342,2.25,9.7082) 
(8.22899,2.25,11.3262) (8.22899,4.25,11.3262) (4.32624,5,13.3148) 
(4.32624,5,13.3148) (4.32624,3,13.3148) (8.22899,2.25,11.3262) 
(8.22899,4.25,11.3262) (7.05342,4.25,9.7082) (3.7082,5,11.4127) 
(3.7082,5,11.4127) (4.32624,5,13.3148) (8.22899,4.25,11.3262) 
(7.05342,4.25,9.7082) (7.05342,2.25,9.7082) (3.7082,3,11.4127) 
(3.7082,3,11.4127) (3.7082,5,11.4127) (7.05342,4.25,9.7082) 
(3.7082,3,11.4127) (4.32624,3,13.3148) (8.57224e-16,3.75,14) 
(8.57224e-16,3.75,14) (7.34764e-16,3.75,12) (3.7082,3,11.4127) 
(4.32624,3,13.3148) (4.32624,5,13.3148) (8.57224e-16,5.75,14) 
(8.57224e-16,5.75,14) (8.57224e-16,3.75,14) (4.32624,3,13.3148) 
(4.32624,5,13.3148) (3.7082,5,11.4127) (7.34764e-16,5.75,12) 
(7.34764e-16,5.75,12) (8.57224e-16,5.75,14) (4.32624,5,13.3148) 
(3.7082,5,11.4127) (3.7082,3,11.4127) (7.34764e-16,3.75,12) 
(7.34764e-16,3.75,12) (7.34764e-16,5.75,12) (3.7082,5,11.4127) 
(7.34764e-16,3.75,12) (8.57224e-16,3.75,14) (-4.32624,4.5,13.3148) 
(-4.32624,4.5,13.3148) (-3.7082,4.5,11.4127) (7.34764e-16,3.75,12) 
(8.57224e-16,3.75,14) (8.57224e-16,5.75,14) (-4.32624,6.5,13.3148) 
(-4.32624,6.5,13.3148) (-4.32624,4.5,13.3148) (8.57224e-16,3.75,14) 
(8.57224e-16,5.75,14) (7.34764e-16,5.75,12) (-3.7082,6.5,11.4127) 
(-3.7082,6.5,11.4127) (-4.32624,6.5,13.3148) (8.57224e-16,5.75,14) 
(7.34764e-16,5.75,12) (7.34764e-16,3.75,12) (-3.7082,4.5,11.4127) 
(-3.7082,4.5,11.4127) (-3.7082,6.5,11.4127) (7.34764e-16,5.75,12) 
(-3.7082,4.5,11.4127) (-4.32624,4.5,13.3148) (-8.22899,5.25,11.3262) 
(-8.22899,5.25,11.3262) (-7.05342,5.25,9.7082) (-3.7082,4.5,11.4127) 
(-4.32624,4.5,13.3148) (-4.32624,6.5,13.3148) (-8.22899,7.25,11.3262) 
(-8.22899,7.25,11.3262) (-8.22899,5.25,11.3262) (-4.32624,4.5,13.3148) 
(-4.32624,6.5,13.3148) (-3.7082,6.5,11.4127) (-7.05342,7.25,9.7082) 
(-7.05342,7.25,9.7082) (-8.22899,7.25,11.3262) (-4.32624,6.5,13.3148) 
(-3.7082,6.5,11.4127) (-3.7082,4.5,11.4127) (-7.05342,5.25,9.7082) 
(-7.05342,5.25,9.7082) (-7.05342,7.25,9.7082) (-3.7082,6.5,11.4127) 
(-7.05342,5.25,9.7082) (-8.22899,5.25,11.3262) (-11.3262,6,8.22899) 
(-11.3262,6,8.22899) (-9.7082,6,7.05342) (-7.05342,5.25,9.7082) 
(-8.22899,5.25,11.3262) (-8.22899,7.25,11.3262) (-11.3262,8,8.22899) 
(-11.3262,8,8.22899) (-11.3262,6,8.22899) (-8.22899,5.25,11.3262) 
(-8.22899,7.25,11.3262) (-7.05342,7.25,9.7082) (-9.7082,8,7.05342) 
(-9.7082,8,7.05342) (-11.3262,8,8.22899) (-8.22899,7.25,11.3262) 
(-7.05342,7.25,9.7082) (-7.05342,5.25,9.7082) (-9.7082,6,7.05342) 
(-9.7082,6,7.05342) (-9.7082,8,7.05342) (-7.05342,7.25,9.7082) 
(-9.7082,6,7.05342) (-11.3262,6,8.22899) (-13.3148,6.75,4.32624) 
(-13.3148,6.75,4.32624) (-11.4127,6.75,3.7082) (-9.7082,6,7.05342) 
(-11.3262,6,8.22899) (-11.3262,8,8.22899) (-13.3148,8.75,4.32624) 
(-13.3148,8.75,4.32624) (-13.3148,6.75,4.32624) (-11.3262,6,8.22899) 
(-11.3262,8,8.22899) (-9.7082,8,7.05342) (-11.4127,8.75,3.7082) 
(-11.4127,8.75,3.7082) (-13.3148,8.75,4.32624) (-11.3262,8,8.22899) 
(-9.7082,8,7.05342) (-9.7082,6,7.05342) (-11.4127,6.75,3.7082) 
(-11.4127,6.75,3.7082) (-11.4127,8.75,3.7082) (-9.7082,8,7.05342) 
(-11.4127,6.75,3.7082) (-13.3148,6.75,4.32624) (-14,7.5,1.71445e-15) 
(-14,7.5,1.71445e-15) (-12,7.5,1.46953e-15) (-11.4127,6.75,3.7082) 
(-13.3148,6.75,4.32624) (-13.3148,8.75,4.32624) (-14,9.5,1.71445e-15) 
(-14,9.5,1.71445e-15) (-14,7.5,1.71445e-15) (-13.3148,6.75,4.32624) 
(-13.3148,8.75,4.32624) (-11.4127,8.75,3.7082) (-12,9.5,1.46953e-15) 
(-12,9.5,1.46953e-15) (-14,9.5,1.71445e-15) (-13.3148,8.75,4.32624) 
(-11.4127,8.75,3.7082) (-11.4127,6.75,3.7082) (-12,7.5,1.46953e-15) 
(-12,7.5,1.46953e-15) (-12,9.5,1.46953e-15) (-11.4127,8.75,3.7082) 
(-12,7.5,1.46953e-15) (-14,7.5,1.71445e-15) (-13.3148,8.25,-4.32624) 
(-13.3148,8.25,-4.32624) (-11.4127,8.25,-3.7082) (-12,7.5,1.46953e-15) 
(-14,7.5,1.71445e-15) (-14,9.5,1.71445e-15) (-13.3148,10.25,-4.32624) 
(-13.3148,10.25,-4.32624) (-13.3148,8.25,-4.32624) (-14,7.5,1.71445e-15) 
(-14,9.5,1.71445e-15) (-12,9.5,1.46953e-15) (-11.4127,10.25,-3.7082) 
(-11.4127,10.25,-3.7082) (-13.3148,10.25,-4.32624) (-14,9.5,1.71445e-15) 
(-12,9.5,1.46953e-15) (-12,7.5,1.46953e-15) (-11.4127,8.25,-3.7082) 
(-11.4127,8.25,-3.7082) (-11.4127,10.25,-3.7082) (-12,9.5,1.46953e-15) 
(-11.4127,8.25,-3.7082) (-13.3148,8.25,-4.32624) (-11.3262,9,-8.22899) 
(-11.3262,9,-8.22899) (-9.7082,9,-7.05342) (-11.4127,8.25,-3.7082) 
(-13.3148,8.25,-4.32624) (-13.3148,10.25,-4.32624) (-11.3262,11,-8.22899) 
(-11.3262,11,-8.22899) (-11.3262,9,-8.22899) (-13.3148,8.25,-4.32624) 
(-13.3148,10.25,-4.32624) (-11.4127,10.25,-3.7082) (-9.7082,11,-7.05342) 
(-9.7082,11,-7.05342) (-11.3262,11,-8.22899) (-13.3148,10.25,-4.32624) 
(-11.4127,10.25,-3.7082) (-11.4127,8.25,-3.7082) (-9.7082,9,-7.05342) 
(-9.7082,9,-7.05342) (-9.7082,11,-7.05342) (-11.4127,10.25,-3.7082) 
(-9.7082,9,-7.05342) (-11.3262,9,-8.22899) (-8.22899,9.75,-11.3262) 
(-8.22899,9.75,-11.3262) (-7.05342,9.75,-9.7082) (-9.7082,9,-7.05342) 
(-11.3262,9,-8.22899) (-11.3262,11,-8.22899) (-8.22899,11.75,-11.3262) 
(-8.22899,11.75,-11.3262) (-8.22899,9.75,-11.3262) (-11.3262,9,-8.22899) 
(-11.3262,11,-8.22899) (-9.7082,11,-7.05342) (-7.05342,11.75,-9.7082) 
(-7.05342,11.75,-9.7082) (-8.22899,11.75,-11.3262) (-11.3262,11,-8.22899) 
(-9.7082,11,-7.05342) (-9.7082,9,-7.05342) (-7.05342,9.75,-9.7082) 
(-7.05342,9.75,-9.7082) (-7.05342,11.75,-9.7082) (-9.7082,11,-7.05342) 
(-7.05342,9.75,-9.7082) (-8.22899,9.75,-11.3262) (-4.32624,10.5,-13.3148) 
(-4.32624,10.5,-13.3148) (-3.7082,10.5,-11.4127) (-7.05342,9.75,-9.7082) 
(-8.22899,9.75,-11.3262) (-8.22899,11.75,-11.3262) (-4.32624,12.5,-13.3148) 
(-4.32624,12.5,-13.3148) (-4.32624,10.5,-13.3148) (-8.22899,9.75,-11.3262) 
(-8.22899,11.75,-11.3262) (-7.05342,11.75,-9.7082) (-3.7082,12.5,-11.4127) 
(-3.7082,12.5,-11.4127) (-4.32624,12.5,-13.3148) (-8.22899,11.75,-11.3262) 
(-7.05342,11.75,-9.7082) (-7.05342,9.75,-9.7082) (-3.7082,10.5,-11.4127) 
(-3.7082,10.5,-11.4127) (-3.7082,12.5,-11.4127) (-7.05342,11.75,-9.7082) 
(-3.7082,10.5,-11.4127) (-4.32624,10.5,-13.3148) (-2.57167e-15,11.25,-14) 
(-2.57167e-15,11.25,-14) (-2.20429e-15,11.25,-12) (-3.7082,10.5,-11.4127) 
(-4.32624,10.5,-13.3148) (-4.32624,12.5,-13.3148) (-2.57167e-15,13.25,-14) 
(-2.57167e-15,13.25,-14) (-2.57167e-15,11.25,-14) (-4.32624,10.5,-13.3148) 
(-4.32624,12.5,-13.3148) (-3.7082,12.5,-11.4127) (-2.20429e-15,13.25,-12) 
(-2.20429e-15,13.25,-12) (-2.57167e-15,13.25,-14) (-4.32624,12.5,-13.3148) 
(-3.7082,12.5,-11.4127) (-3.7082,10.5,-11.4127) (-2.20429e-15,11.25,-12) 
(-2.20429e-15,11.25,-12) (-2.20429e-15,13.25,-12) (-3.7082,12.5,-11.4127) 
(-2.20429e-15,11.25,-12) (-2.57167e-15,11.25,-14) (4.32624,12,-13.3148) 
(4.32624,12,-13.3148) (3.7082,12,-11.4127) (-2.20429e-15,11.25,-12) 
(-2.57167e-15,11.25,-14) (-2.57167e-15,13.25,-14) (4.32624,14,-13.3148) 
(4.32624,14,-13.3148) (4.32624,12,-13.3148) (-2.57167e-15,11.25,-14) 
(-2.57167e-15,13.25,-14) (-2.20429e-15,13.25,-12) (3.7082,14,-11.4127) 
(3.7082,14,-11.4127) (4.32624,14,-13.3148) (-2.57167e-15,13.25,-14) 
(-2.20429e-15,13.25,-12) (-2.20429e-15,11.25,-12) (3.7082,12,-11.4127) 
(3.7082,12,-11.4127) (3.7082,14,-11.4127) (-2.20429e-15,13.25,-12) 
(3.7082,12,-11.4127) (4.32624,12,-13.3148) (8.22899,12.75,-11.3262) 
(8.22899,12.75,-11.3262) (7.05342,12.75,-9.7082) (3.7082,12,-11.4127) 
(4.32624,12,-13.3148) (4.32624,14,-13.3148) (8.22899,14.75,-11.3262) 
(8.22899,14.75,-11.3262) (8.22899,12.75,-11.3262) (4.32624,12,-13.3148) 
(4.32624,14,-13.3148) (3.7082,14,-11.4127) (7.05342,14.75,-9.7082) 
(7.05342,14.75,-9.7082) (8.22899,14.75,-11.3262) (4.32624,14,-13.3148) 
(3.7082,14,-11.4127) (3.7082,12,-11.4127) (7.05342,12.75,-9.7082) 
(7.05342,12.75,-9.7082) (7.05342,14.75,-9.7082) (3.7082,14,-11.4127) 
(7.05342,12.75,-9.7082) (8.22899,12.75,-11.3262) (11.3262,13.5,-8.22899) 
(11.3262,13.5,-8.22899) (9.7082,13.5,-7.05342) (7.05342,12.75,-9.7082) 
(8.22899,12.75,-11.3262) (8.22899,14.75,-11.3262) (11.3262,15.5,-8.22899) 
(11.3262,15.5,-8.22899) (11.3262,13.5,-8.22899) (8.22899,12.75,-11.3262) 
(8.22899,14.75,-11.3262) (7.05342,14.75,-9.7082) (9.7082,15.5,-7.05342) 
(9.7082,15.5,-7.05342) (11.3262,15.5,-8.22899) (8.22899,14.75,-11.3262) 
(7.05342,14.75,-9.7082) (7.05342,12.75,-9.7082) (9.7082,13.5,-7.05342) 
(9.7082,13.5,-7.05342) (9.7082,15.5,-7.05342) (7.05342,14.75,-9.7082) 
(9.7082,13.5,-7.05342) (11.3262,13.5,-8.22899) (13.3148,14.25,-4.32624) 
(13.3148,14.25,-4.32624) (11.4127,14.25,-3.7082) (9.7082,13.5,-7.05342) 
(11.3262,13.5,-8.22899) (11.3262,15.5,-8.22899) (13.3148,16.25,-4.32624) 
(13.3148,16.25,-4.32624) (13.3148,14.25,-4.32624) (11.3262,13.5,-8.22899) 
(11.3262,15.5,-8.22899) (9.7082,15.5,-7.05342) (11.4127,16.25,-3.7082) 
(11.4127,16.25,-3.7082) (13.3148,16.25,-4.32624) (11.3262,15.5,-8.22899) 
(9.7082,15.5,-7.05342) (9.7082,13.5,-7.05342) (11.4127,14.25,-3.7082) 
(11.4127,14.25,-3.7082) (11.4127,16.25,-3.7082) (9.7082,15.5,-7.05342) 
(11.4127,14.25,-3.7082) (13.3148,14.25,-4.32624) (14,15,-3.4289e-15) 
(14,15,-3.4289e-15) (12,15,-2.93906e-15) (11.4127,14.25,-3.7082) 
(13.3148,14.25,-4.32624) (13.3148,16.25,-4.32624) (14,17,-3.4289e-15) 
(14,17,-3.4289e-15) (14,15,-3.4289e-15) (13.3148,14.25,-4.32624) 
(13.3148,16.25,-4.32624) (11.4127,16.25,-3.7082) (12,17,-2.93906e-15) 
(12,17,-2.93906e-15) (14,17,-3.4289e-15) (13.3148,16.25,-4.32624) 
(11.4127,16.25,-3.7082) (11.4127,14.25,-3.7082) (12,15,-2.93906e-15) 
(12,15,-2.93906e-15) (12,17,-2.93906e-15) (11.4127,16.25,-3.7082) 
(12,15,-2.93906e-15) (14,15,-3.4289e-15) (13.3148,15.75,4.32624) 
(13.3148,15.75,4.32624) (11.4127,15.75,3.7082) (12,15,-2.93906e-15) 
(14,15,-3.4289e-15) (14,17,-3.4289e-15) (13.3148,17.75,4.32624) 
(13.3148,17.75,4.32624) (13.3148,15.75,4.32624) (14,15,-3.4289e-15) 
(14,17,-3.4289e-15) (12,17,-2.93906e-15) (11.4127,17.75,3.7082) 
(11.4127,17.75,3.7082) (13.3148,17.75,4.32624) (14,17,-3.4289e-15) 
(12,17,-2.93906e-15) (12,15,-2.93906e-15) (11.4127,15.75,3.7082) 
(11.4127,15.75,3.7082) (11.4127,17.75,3.7082) (12,17,-2.93906e-15) 
(11.4127,15.75,3.7082) (13.3148,15.75,4.32624) (11.3262,16.5,8.22899) 
(11.3262,16.5,8.22899) (9.7082,16.5,7.05342) (11.4127,15.75,3.7082) 
(13.3148,15.75,4.32624) (13.3148,17.75,4.32624) (11.3262,18.5,8.22899) 
(11.3262,18.5,8.22899) (11.3262,16.5,8.22899) (13.3148,15.75,4.32624) 
(13.3148,17.75,4.32624) (11.4127,17.75,3.7082) (9.7082,18.5,7.05342) 
(9.7082,18.5,7.05342) (11.3262,18.5,8.22899) (13.3148,17.75,4.32624) 
(11.4127,17.75,3.7082) (11.4127,15.75,3.7082) (9.7082,16.5,7.05342) 
(9.7082,16.5,7.05342) (9.7082,18.5,7.05342) (11.4127,17.75,3.7082) 
(9.7082,16.5,7.05342) (11.3262,16.5,8.22899) (8.22899,17.25,11.3262) 
(8.22899,17.25,11.3262) (7.05342,17.25,9.7082) (9.7082,16.5,7.05342) 
(11.3262,16.5,8.22899) (11.3262,18.5,8.22899) (8.22899,19.25,11.3262) 
(8.22899,19.25,11.3262) (8.22899,17.25,11.3262) (11.3262,16.5,8.22899) 
(11.3262,18.5,8.22899) (9.7082,18.5,7.05342) (7.05342,19.25,9.7082) 
(7.05342,19.25,9.7082) (8.22899,19.25,11.3262) (11.3262,18.5,8.22899) 
(9.7082,18.5,7.05342) (9.7082,16.5,7.05342) (7.05342,17.25,9.7082) 
(7.05342,17.25,9.7082) (7.05342,19.25,9.7082) (9.7082,18.5,7.05342) 
(7.05342,17.25,9.7082) (8.22899,17.25,11.3262) (4.32624,18,13.3148) 
(4.32624,18,13.3148) (3.7082,18,11.4127) (7.05342,17.25,9.7082) 
(8.22899,17.25,11.3262) (8.22899,19.25,11.3262) (4.32624,20,13.3148) 
(4.32624,20,13.3148) (4.32624,18,13.3148) (8.22899,17.25,11.3262) 
(8.22899,19.25,11.3262) (7.05342,19.25,9.7082) (3.7082,20,11.4127) 
(3.7082,20,11.4127) (4.32624,20,13.3148) (8.22899,19.25,11.3262) 
(7.05342,19.25,9.7082) (7.05342,17.25,9.7082) (3.7082,18,11.4127) 
(3.7082,18,11.4127) (3.7082,20,11.4127) (7.05342,19.25,9.7082) 
(3.7082,18,11.4127) (4.32624,18,13.3148) (4.28612e-15,18.75,14) 
(4.28612e-15,18.75,14) (3.67382e-15,18.75,12) (3.7082,18,11.4127) 
(4.32624,18,13.3148) (4.32624,20,13.3148) (4.28612e-15,20.75,14) 
(4.28612e-15,20.75,14) (4.28612e-15,18.75,14) (4.32624,18,13.3148) 
(4.32624,20,13.3148) (3.7082,20,11.4127) (3.67382e-15,20.75,12) 
(3.67382e-15,20.75,12) (4.28612e-15,20.75,14) (4.32624,20,13.3148) 
(3.7082,20,11.4127) (3.7082,18,11.4127) (3.67382e-15,18.75,12) 
(3.67382e-15,18.75,12) (3.67382e-15,20.75,12) (3.7082,20,11.4127) 
(3.67382e-15,18.75,12) (4.28612e-15,18.75,14) (-4.32624,19.5,13.3148) 
(-4.32624,19.5,13.3148) (-3.7082,19.5,11.4127) (3.67382e-15,18.75,12) 
(4.28612e-15,18.75,14) (4.28612e-15,20.75,14) (-4.32624,21.5,13.3148) 
(-4.32624,21.5,13.3148) (-4.32624,19.5,13.3148) (4.28612e-15,18.75,14) 
(4.28612e-15,20.75,14) (3.67382e-15,20.75,12) (-3.7082,21.5,11.4127) 
(-3.7082,21.5,11.4127) (-4.32624,21.5,13.3148) (4.28612e-15,20.75,14) 
(3.67382e-15,20.75,12) (3.67382e-15,18.75,12) (-3.7082,19.5,11.4127) 
(-3.7082,19.5,11.4127) (-3.7082,21.5,11.4127) (3.67382e-15,20.75,12) 
(-3.7082,19.5,11.4127) (-4.32624,19.5,13.3148) (-8.22899,20.25,11.3262) 
(-8.22899,20.25,11.3262) (-7.05342,20.25,9.7082) (-3.7082,19.5,11.4127) 
(-4.32624,19.5,13.3148) (-4.32624,21.5,13.3148) (-8.22899,22.25,11.3262) 
(-8.22899,22.25,11.3262) (-8.22899,20.25,11.3262) (-4.32624,19.5,13.3148) 
(-4.32624,21.5,13.3148) (-3.7082,21.5,11.4127) (-7.05342,22.25,9.7082) 
(-7.05342,22.25,9.7082) (-8.22899,22.25,11.3262) (-4.32624,21.5,13.3148) 
(-3.7082,21.5,11.4127) (-3.7082,19.5,11.4127) (-7.05342,20.25,9.7082) 
(-7.05342,20.25,9.7082) (-7.05342,22.25,9.7082) (-3.7082,21.5,11.4127) 
(-7.05342,20.25,9.7082) (-8.22899,20.25,11.3262) (-11.3262,21,8.22899) 
(-11.3262,21,8.22899) (-9.7082,21,7.05342) (-7.05342,20.25,9.7082) 
(-8.22899,20.25,11.3262) (-8.22899,22.25,11.3262) (-11.3262,23,8.22899) 
(-11.3262,23,8.22899) (-11.3262,21,8.22899) (-8.22899,20.25,11.3262) 
(-8.22899,22.25,11.3262) (-7.05342,22.25,9.7082) (-9.7082,23,7.05342) 
(-9.7082,23,7.05342) (-11.3262,23,8.22899) (-8.22899,22.25,11.3262) 
(-7.05342,22.25,9.7082) (-7.05342,20.25,9.7082) (-9.7082,21,7.05342) 
(-9.7082,21,7.05342) (-9.7082,23,7.05342) (-7.05342,22.25,9.7082) 
(-9.7082,21,7.05342) (-11.3262,21,8.22899) (-13.3148,21.75,4.32624) 
(-13.3148,21.75,4.32624) (-11.4127,21.75,3.7082) (-9.7082,21,7.05342) 
(-11.3262,21,8.22899) (-11.3262,23,8.22899) (-13.3148,23.75,4.32624) 
(-13.3148,23.75,4.32624) (-13.3148,21.75,4.32624) (-11.3262,21,8.22899) 
(-11.3262,23,8.22899) (-9.7082,23,7.05342) (-11.4127,23.75,3.7082) 
(-11.4127,23.75,3.7082) (-13.3148,23.75,4.32624) (-11.3262,23,8.22899) 
(-9.7082,23,7.05342) (-9.7082,21,7.05342) (-11.4127,21.75,3.7082) 
(-11.4127,21.75,3.7082) (-11.4127,23.75,3.7082) (-9.7082,23,7.05342) 
(-11.4127,21.75,3.7082) (-13.3148,21.75,4.32624) (-14,22.5,5.14335e-15) 
(-14,22.5,5.14335e-15) (-12,22.5,4.40858e-15) (-11.4127,21.75,3.7082) 
(-13.3148,21.75,4.32624) (-13.3148,23.75,4.32624) (-14,24.5,5.14335e-15) 
(-14,24.5,5.14335e-15) (-14,22.5,5.14335e-15) (-13.3148,21.75,4.32624) 
(-13.3148,23.75,4.32624) (-11.4127,23.75,3.7082) (-12,24.5,4.40858e-15) 
(-12,24.5,4.40858e-15) (-14,24.5,5.14335e-15) (-13.3148,23.75,4.32624) 
(-11.4127,23.75,3.7082) (-11.4127,21.75,3.7082) (-12,22.5,4.40858e-15) 
(-12,22.5,4.40858e-15) (-12,24.5,4.40858e-15) (-11.4127,23.75,3.7082) 
(-12,22.5,4.40858e-15) (-14,22.5,5.14335e-15) (-13.3148,23.25,-4.32624) 
(-13.3148,23.25,-4.32624) (-11.4127,23.25,-3.7082) (-12,22.5,4.40858e-15) 
(-14,22.5,5.14335e-15) (-14,24.5,5.14335e-15) (-13.3148,25.25,-4.32624) 
(-13.3148,25.25,-4.32624) (-13.3148,23.25,-4.32624) (-14,22.5,5.14335e-15) 
(-14,24.5,5.14335e-15) (-12,24.5,4.40858e-15) (-11.4127,25.25,-3.7082) 
(-11.4127,25.25,-3.7082) (-13.3148,25.25,-4.32624) (-14,24.5,5.14335e-15) 
(-12,24.5,4.40858e-15) (-12,22.5,4.40858e-15) (-11.4127,23.25,-3.7082) 
(-11.4127,23.25,-3.7082) (-11.4127,25.25,-3.7082) (-12,24.5,4.40858e-15) 
(-11.4127,23.25,-3.7082) (-13.3148,23.25,-4.32624) (-11.3262,24,-8.22899) 
(-11.3262,24,-8.22899) (-9.7082,24,-7.05342) (-11.4127,23.25,-3.7082) 
(-13.3148,23.25,-4.32624) (-13.3148,25.25,-4.32624) (-11.3262,26,-8.22899) 
(-11.3262,26,-8.22899) (-11.3262,24,-8.22899) (-13.3148,23.25,-4.32624) 
(-13.3148,25.25,-4.32624) (-11.4127,25.25,-3.7082) (-9.7082,26,-7.05342) 
(-9.7082,26,-7.05342) (-11.3262,26,-8.22899) (-13.3148,25.25,-4.32624) 
(-11.4127,25.25,-3.7082) (-11.4127,23.25,-3.7082) (-9.7082,24,-7.05342) 
(-9.7082,24,-7.05342) (-9.7082,26,-7.05342) (-11.4127,25.25,-3.7082) 
(-9.7082,24,-7.05342) (-11.3262,24,-8.22899) (-8.22899,24.75,-11.3262) 
(-8.22899,24.75,-11.3262) (-7.05342,24.75,-9.7082) (-9.7082,24,-7.05342) 
(-11.3262,24,-8.22899) (-11.3262,26,-8.22899) (-8.22899,26.75,-11.3262) 
(-8.22899,26.75,-11.3262) (-8.22899,24.75,-11.3262) (-11.3262,24,-8.22899) 
(-11.3262,26,-8.22899) (-9.7082,26,-7.05342) (-7.05342,26.75,-9.7082) 
(-7.05342,26.75,-9.7082) (-8.22899,26.75,-11.3262) (-11.3262,26,-8.22899) 
(-9.7082,26,-7.05342) (-9.7082,24,-7.05342) (-7.05342,24.75,-9.7082) 
(-7.05342,24.75,-9.7082) (-7.05342,26.75,-9.7082) (-9.7082,26,-7.05342) 
(-7.05342,24.75,-9.7082) (-8.22899,24.75,-11.3262) (-4.32624,25.5,-13.3148) 
(-4.32624,25.5,-13.3148) (-3.7082,25.5,-11.4127) (-7.05342,24.75,-9.7082) 
(-8.22899,24.75,-11.3262) (-8.22899,26.75,-11.3262) (-4.32624,27.5,-13.3148) 
(-4.32624,27.5,-13.3148) (-4.32624,25.5,-13.3148) (-8.22899,24.75,-11.3262) 
(-8.22899,26.75,-11.3262) (-7.05342,26.75,-9.7082) (-3.7082,27.5,-11.4127) 
(-3.7082,27.5,-11.4127) (-4.32624,27.5,-13.3148) (-8.22899,26.75,-11.3262) 
(-7.05342,26.75,-9.7082) (-7.05342,24.75,-9.7082) (-3.7082,25.5,-11.4127) 
(-3.7082,25.5,-11.4127) (-3.7082,27.5,-11.4127) (-7.05342,26.75,-9.7082) 
(-3.7082,25.5,-11.4127) (-4.32624,25.5,-13.3148) (-6.00057e-15,26.25,-14) 
(-6.00057e-15,26.25,-14) (-5.14335e-15,26.25,-12) (-3.7082,25.5,-11.4127) 
(-4.32624,25.5,-13.3148) (-4.32624,27.5,-13.3148) (-6.00057e-15,28.25,-14) 
(-6.00057e-15,28.25,-14) (-6.00057e-15,26.25,-14) (-4.32624,25.5,-13.3148) 
(-4.32624,27.5,-13.3148) (-3.7082,27.5,-11.4127) (-5.14335e-15,28.25,-12) 
(-5.14335e-15,28.25,-12) (-6.00057e-15,28.25,-14) (-4.32624,27.5,-13.3148) 
(-3.7082,27.5,-11.4127) (-3.7082,25.5,-11.4127) (-5.14335e-15,26.25,-12) 
(-5.14335e-15,26.25,-12) (-5.14335e-15,28.25,-12) (-3.7082,27.5,-11.4127) 
(-5.14335e-15,26.25,-12) (-6.00057e-15,26.25,-14) (4.32624,27,-13.3148) 
(4.32624,27,-13.3148) (3.7082,27,-11.4127) (-5.14335e-15,26.25,-12) 
(-6.00057e-15,26.25,-14) (-6.00057e-15,28.25,-14) (4.32624,29,-13.3148) 
(4.32624,29,-13.3148) (4.32624,27,-13.3148) (-6.00057e-15,26.25,-14) 
(-6.00057e-15,28.25,-14) (-5.14335e-15,28.25,-12) (3.7082,29,-11.4127) 
(3.7082,29,-11.4127) (4.32624,29,-13.3148) (-6.00057e-15,28.25,-14) 
(-5.14335e-15,28.25,-12) (-5.14335e-15,26.25,-12) (3.7082,27,-11.4127) 
(3.7082,27,-11.4127) (3.7082,29,-11.4127) (-5.14335e-15,28.25,-12) 
(3.7082,27,-11.4127) (4.32624,27,-13.3148) (8.22899,27.75,-11.3262) 
(8.22899,27.75,-11.3262) (7.05342,27.75,-9.7082) (3.7082,27,-11.4127) 
(4.32624,27,-13.3148) (4.32624,29,-13.3148) (8.22899,29.75,-11.3262) 
(8.22899,29.75,-11.3262) (8.22899,27.75,-11.3262) (4.32624,27,-13.3148) 
(4.32624,29,-13.3148) (3.7082,29,-11.4127) (7.05342,29.75,-9.7082) 
(7.05342,29.75,-9.7082) (8.22899,29.75,-11.3262) (4.32624,29,-13.3148) 
(3.7082,29,-11.4127) (3.7082,27,-11.4127) (7.05342,27.75,-9.7082) 
(7.05342,27.75,-9.7082) (7.05342,29.75,-9.7082) (3.7082,29,-11.4127) 
(7.05342,27.75,-9.7082) (8.22899,27.75,-11.3262) (11.3262,28.5,-8.22899) 
(11.3262,28.5,-8.22899) (9.7082,28.5,-7.05342) (7.05342,27.75,-9.7082) 
(8.22899,27.75,-11.3262) (8.22899,29.75,-11.3262) (11.3262,30.5,-8.22899) 
(11.3262,30.5,-8.22899) (11.3262,28.5,-8.22899) (8.22899,27.75,-11.3262) 
(8.22899,29.75,-11.3262) (7.05342,29.75,-9.7082) (9.7082,30.5,-7.05342) 
(9.7082,30.5,-7.05342) (11.3262,30.5,-8.22899) (8.22899,29.75,-11.3262) 
(7.05342,29.75,-9.7082) (7.05342,27.75,-9.7082) (9.7082,28.5,-7.05342) 
(9.7082,28.5,-7.05342) (9.7082,30.5,-7.05342) (7.05342,29.75,-9.7082) 
(9.7082,28.5,-7.05342) (11.3262,28.5,-8.22899) (13.3148,29.25,-4.32624) 
(13.3148,29.25,-4.32624) (11.4127,29.25,-3.7082) (9.7082,28.5,-7.05342) 
(11.3262,28.5,-8.22899) (11.3262,30.5,-8.22899) (13.3148,31.25,-4.32624) 
(13.3148,31.25,-4.32624) (13.3148,29.25,-4.32624) (11.3262,28.5,-8.22899) 
(11.3262,30.5,-8.22899) (9.7082,30.5,-7.05342) (11.4127,31.25,-3.7082) 
(11.4127,31.25,-3.7082) (13.3148,31.25,-4.32624) (11.3262,30.5,-8.22899) 
(9.7082,30.5,-7.05342) (9.7082,28.5,-7.05342) (11.4127,29.25,-3.7082) 
(11.4127,29.25,-3.7082) (11.4127,31.25,-3.7082) (9.7082,30.5,-7.05342) 
(11.4127,29.25,-3.7082) (13.3148,29.25,-4.32624) (14,30,-6.8578e-15) 
(14,30,-6.8578e-15) (12,30,-5.87811e-15) (11.4127,29.25,-3.7082) 
(13.3148,29.25,-4.32624) (13.3148,31.25,-4.32624) (14,32,-6.8578e-15) 
(14,32,-6.8578e-15) (14,30,-6.8578e-15) (13.3148,29.25,-4.32624) 
(13.3148,31.25,-4.32624) (11.4127,31.25,-3.7082) (12,32,-5.87811e-15) 
(12,32,-5.87811e-15) (14,32,-6.8578e-15) (13.3148,31.25,-4.32624) 
(11.4127,31.25,-3.7082) (11.4127,29.25,-3.7082) (12,30,-5.87811e-15) 
(12,30,-5.87811e-15) (12,32,-5.87811e-15) (11.4127,31.25,-3.7082) 
(12,30,-5.87811e-15) (14,30,-6.8578e-15) (13.3148,30.75,4.32624) 
(13.3148,30.75,4.32624) (11.4127,30.75,3.7082) (12,30,-5.87811e-15) 
(14,30,-6.8578e-15) (14,32,-6.8578e-15) (13.3148,32.75,4.32624) 
(13.3148,32.75,4.32624) (13.3148,30.75,4.32624) (14,30,-6.8578e-15) 
(14,32,-6.8578e-15) (12,32,-5.87811e-15) (11.4127,32.75,3.7082) 
(11.4127,32.75,3.7082) (13.3148,32.75,4.32624) (14,32,-6.8578e-15) 
(12,32,-5.87811e-15) (12,30,-5.87811e-15) (11.4127,30.75,3.7082) 
(11.4127,30.75,3.7082) (11.4127,32.75,3.7082) (12,32,-5.87811e-15) 
(11.4127,30.75,3.7082) (13.3148,30.75,4.32624) (11.3262,31.5,8.22899) 
(11.3262,31.5,8.22899) (9.7082,31.5,7.05342) (11.4127,30.75,3.7082) 
(13.3148,30.75,4.32624) (13.3148,32.75,4.32624) (11.3262,33.5,8.22899) 
(11.3262,33.5,8.22899) (11.3262,31.5,8.22899) (13.3148,30.75,4.32624) 
(13.3148,32.75,4.32624) (11.4127,32.75,3.7082) (9.7082,33.5,7.05342) 
(9.7082,33.5,7.05342) (11.3262,33.5,8.22899) (13.3148,32.75,4.32624) 
(11.4127,32.75,3.7082) (11.4127,30.75,3.7082) (9.7082,31.5,7.05342) 
(9.7082,31.5,7.05342) (9.7082,33.5,7.05342) (11.4127,32.75,3.7082) 
(9.7082,31.5,7.05342) (11.3262,31.5,8.22899) (8.22899,32.25,11.3262) 
(8.22899,32.25,11.3262) (7.05342,32.25,9.7082) (9.7082,31.5,7.05342) 
(11.3262,31.5,8.22899) (11.3262,33.5,8.22899) (8.22899,34.25,11.3262) 
(8.22899,34.25,11.3262) (8.22899,32.25,11.3262) (11.3262,31.5,8.22899) 
(11.3262,33.5,8.22899) (9.7082,33.5,7.05342) (7.05342,34.25,9.7082) 
(7.05342,34.25,9.7082) (8.22899,34.25,11.3262) (11.3262,33.5,8.22899) 
(9.7082,33.5,7.05342) (9.7082,31.5,7.05342) (7.05342,32.25,9.7082) 
(7.05342,32.25,9.7082) (7.05342,34.25,9.7082) (9.7082,33.5,7.05342) 
(7.05342,32.25,9.7082) (8.22899,32.25,11.3262) (4.32624,33,13.3148) 
(4.32624,33,13.3148) (3.7082,33,11.4127) (7.05342,32.25,9.7082) 
(8.22899,32.25,11.3262) (8.22899,34.25,11.3262) (4.32624,35,13.3148) 
(4.32624,35,13.3148) (4.32624,33,13.3148) (8.22899,32.25,11.3262) 
(8.22899,34.25,11.3262) (7.05342,34.25,9.7082) (3.7082,35,11.4127) 
(3.7082,35,11.4127) (4.32624,35,13.3148) (8.22899,34.25,11.3262) 
(7.05342,34.25,9.7082) (7.05342,32.25,9.7082) (3.7082,33,11.4127) 
(3.7082,33,11.4127) (3.7082,35,11.4127) (7.05342,34.25,9.7082) 
(3.7082,33,11.4127) (4.32624,33,13.3148) (7.71502e-15,33.75,14) 
(7.71502e-15,33.75,14) (6.61287e-15,33.75,12) (3.7082,33,11.4127) 
(4.32624,33,13.3148) (4.32624,35,13.3148) (7.71502e-15,35.75,14) 
(7.71502e-15,35.75,14) (7.71502e-15,33.75,14) (4.32624,33,13.3148) 
(4.32624,35,13.3148) (3.7082,35,11.4127) (6.61287e-15,35.75,12) 
(6.61287e-15,35.75,12) (7.71502e-15,35.75,14) (4.32624,35,13.3148) 
(3.7082,35,11.4127) (3.7082,33,11.4127) (6.61287e-15,33.75,12) 
(6.61287e-15,33.75,12) (6.61287e-15,35.75,12) (3.7082,35,11.4127) 
(6.61287e-15,33.75,12) (7.71502e-15,33.75,14) (-4.32624,34.5,13.3148) 
(-4.32624,34.5,13.3148) (-3.7082,34.5,11.4127) (6.61287e-15,33.75,12) 
(7.71502e-15,33.75,14) (7.71502e-15,35.75,14) (-4.32624,36.5,13.3148) 
(-4.32624,36.5,13.3148) (-4.32624,34.5,13.3148) (7.71502e-15,33.75,14) 
(7.71502e-15,35.75,14) (6.61287e-15,35.75,12) (-3.7082,36.5,11.4127) 
(-3.7082,36.5,11.4127) (-4.32624,36.5,13.3148) (7.71502e-15,35.75,14) 
(6.61287e-15,35.75,12) (6.61287e-15,33.75,12) (-3.7082,34.5,11.4127) 
(-3.7082,34.5,11.4127) (-3.7082,36.5,11.4127) (6.61287e-15,35.75,12) 
(-3.7082,34.5,11.4127) (-4.32624,34.5,13.3148) (-8.22899,35.25,11.3262) 
(-8.22899,35.25,11.3262) (-7.05342,35.25,9.7082) (-3.7082,34.5,11.4127) 
(-4.32624,34.5,13.3148) (-4.32624,36.5,13.3148) (-8.22899,37.25,11.3262) 
(-8.22899,37.25,11.3262) (-8.22899,35.25,11.3262) (-4.32624,34.5,13.3148) 
(-4.32624,36.5,13.3148) (-3.7082,36.5,11.4127) (-7.05342,37.25,9.7082) 
(-7.05342,37.25,9.7082) (-8.22899,37.25,11.3262) (-4.32624,36.5,13.3148) 
(-3.7082,36.5,11.4127) (-3.7082,34.5,11.4127) (-7.05342,35.25,9.7082) 
(-7.05342,35.25,9.7082) (-7.05342,37.25,9.7082) (-3.7082,36.5,11.4127) 
(-7.05342,35.25,9.7082) (-8.22899,35.25,11.3262) (-11.3262,36,8.22899) 
(-11.3262,36,8.22899) (-9.7082,36,7.05342) (-7.05342,35.25,9.7082) 
(-8.22899,35.25,11.3262) (-8.22899,37.25,11.3262) (-11.3262,38,8.22899) 
(-11.3262,38,8.22899) (-11.3262,36,8.22899) (-8.22899,35.25,11.3262) 
(-8.22899,37.25,11.3262) (-7.05342,37.25,9.7082) (-9.7082,38,7.05342) 
(-9.7082,38,7.05342) (-11.3262,38,8.22899) (-8.22899,37.25,11.3262) 
(-7.05342,37.25,9.7082) (-7.05342,35.25,9.7082) (-9.7082,36,7.05342) 
(-9.7082,36,7.05342) (-9.7082,38,7.05342) (-7.05342,37.25,9.7082) 
(-9.7082,36,7.05342) (-11.3262,36,8.22899) (-13.3148,36.75,4.32624) 
(-13.3148,36.75,4.32624) (-11.4127,36.75,3.7082) (-9.7082,36,7.05342) 
(-11.3262,36,8.22899) (-11.3262,38,8.22899) (-13.3148,38.75,4.32624) 
(-13.3148,38.75,4.32624) (-13.3148,36.75,4.32624) (-11.3262,36,8.22899) 
(-11.3262,38,8.22899) (-9.7082,38,7.05342) (-11.4127,38.75,3.7082) 
(-11.4127,38.75,3.7082) (-13.3148,38.75,4.32624) (-11.3262,38,8.22899) 
(-9.7082,38,7.05342) (-9.7082,36,7.05342) (-11.4127,36.75,3.7082) 
(-11.4127,36.75,3.7082) (-11.4127,38.75,3.7082) (-9.7082,38,7.05342) 
(-11.4127,36.75,3.7082) (-13.3148,36.75,4.32624) (-14,37.5,8.57224e-15) 
(-14,37.5,8.57224e-15) (-12,37.5,7.34764e-15) (-11.4127,36.75,3.7082) 
(-13.3148,36.75,4.32624) (-13.3148,38.75,4.32624) (-14,39.5,8.57224e-15) 
(-14,39.5,8.57224e-15) (-14,37.5,8.57224e-15) (-13.3148,36.75,4.32624) 
(-13.3148,38.75,4.32624) (-11.4127,38.75,3.7082) (-12,39.5,7.34764e-15) 
(-12,39.5,7.34764e-15) (-14,39.5,8.57224e-15) (-13.3148,38.75,4.32624) 
(-11.4127,38.75,3.7082) (-11.4127,36.75,3.7082) (-12,37.5,7.34764e-15) 
(-12,37.5,7.34764e-15) (-12,39.5,7.34764e-15) (-11.4127,38.75,3.7082) 
(-12,37.5,7.34764e-15) (-14,37.5,8.57224e-15) (-13.3148,38.25,-4.32624) 
(-13.3148,38.25,-4.32624) (-11.4127,38.25,-3.7082) (-12,37.5,7.34764e-15) 
(-14,37.5,8.57224e-15) (-14,39.5,8.57224e-15) (-13.3148,40.25,-4.32624) 
(-13.3148,40.25,-4.32624) (-13.3148,38.25,-4.32624) (-14,37.5,8.57224e-15) 
(-14,39.5,8.57224e-15) (-12,39.5,7.34764e-15) (-11.4127,40.25,-3.7082) 
(-11.4127,40.25,-3.7082) (-13.3148,40.25,-4.32624) (-14,39.5,8.57224e-15) 
(-12,39.5,7.34764e-15) (-12,37.5,7.34764e-15) (-11.4127,38.25,-3.7082) 
(-11.4127,38.25,-3.7082) (-11.4127,40.25,-3.7082) (-12,39.5,7.34764e-15) 
(-11.4127,38.25,-3.7082) (-13.3148,38.25,-4.32624) (-11.3262,39,-8.22899) 
(-11.3262,39,-8.22899) (-9.7082,39,-7.05342) (-11.4127,38.25,-3.7082) 
(-13.3148,38.25,-4.32624) (-13.3148,40.25,-4.32624) (-11.3262,41,-8.22899) 
(-11.3262,41,-8.22899) (-11.3262,39,-8.22899) (-13.3148,38.25,-4.32624) 
(-13.3148,40.25,-4.32624) (-11.4127,40.25,-3.7082) (-9.7082,41,-7.05342) 
(-9.7082,41,-7.05342) (-11.3262,41,-8.22899) (-13.3148,40.25,-4.32624) 
(-11.4127,40.25,-3.7082) (-11.4127,38.25,-3.7082) (-9.7082,39,-7.05342) 
(-9.7082,39,-7.05342) (-9.7082,41,-7.05342) (-11.4127,40.25,-3.7082) 
(-9.7082,39,-7.05342) (-11.3262,39,-8.22899) (-8.22899,39.75,-11.3262) 
(-8.22899,39.75,-11.3262) (-7.05342,39.75,-9.7082) (-9.7082,39,-7.05342) 
(-11.3262,39,-8.22899) (-11.3262,41,-8.22899) (-8.22899,41.75,-11.3262) 
(-8.22899,41.75,-11.3262) (-8.22899,39.75,-11.3262) (-11.3262,39,-8.22899) 
(-11.3262,41,-8.22899) (-9.7082,41,-7.05342) (-7.05342,41.75,-9.7082) 
(-7.05342,41.75,-9.7082) (-8.22899,41.75,-11.3262) (-11.3262,41,-8.22899) 
(-9.7082,41,-7.05342) (-9.7082,39,-7.05342) (-7.05342,39.75,-9.7082) 
(-7.05342,39.75,-9.7082) (-7.05342,41.75,-9.7082) (-9.7082,41,-7.05342) 
(-7.05342,39.75,-9.7082) (-8.22899,39.75,-11.3262) (-4.32624,40.5,-13.3148) 
(-4.32624,40.5,-13.3148) (-3.7082,40.5,-11.4127) (-7.05342,39.75,-9.7082) 
(-8.22899,39.75,-11.3262) (-8.22899,41.75,-11.3262) (-4.32624,42.5,-13.3148) 
(-4.32624,42.5,-13.3148) (-4.32624,40.5,-13.3148) (-8.22899,39.75,-11.3262) 
(-8.22899,41.75,-11.3262) (-7.05342,41.75,-9.7082) (-3.7082,42.5,-11.4127) 
(-3.7082,42.5,-11.4127) (-4.32624,42.5,-13.3148) (-8.22899,41.75,-11.3262) 
(-7.05342,41.75,-9.7082) (-7.05342,39.75,-9.7082) (-3.7082,40.5,-11.4127) 
(-3.7082,40.5,-11.4127) (-3.7082,42.5,-11.4127) (-7.05342,41.75,-9.7082) 
(-3.7082,40.5,-11.4127) (-4.32624,40.5,-13.3148) (-3.42985e-14,41.25,-14) 
(-3.42985e-14,41.25,-14) (-2.93987e-14,41.25,-12) (-3.7082,40.5,-11.4127) 
(-4.32624,40.5,-13.3148) (-4.32624,42.5,-13.3148) (-3.42985e-14,43.25,-14) 
(-3.42985e-14,43.25,-14) (-3.42985e-14,41.25,-14) (-4.32624,40.5,-13.3148) 
(-4.32624,42.5,-13.3148) (-3.7082,42.5,-11.4127) (-2.93987e-14,43.25,-12) 
(-2.93987e-14,43.25,-12) (-3.42985e-14,43.25,-14) (-4.32624,42.5,-13.3148) 
(-3.7082,42.5,-11.4127) (-3.7082,40.5,-11.4127) (-2.93987e-14,41.25,-12) 
(-2.93987e-14,41.25,-12) (-2.93987e-14,43.25,-12) (-3.7082,42.5,-11.4127) 
(-2.93987e-14,41.25,-12) (-3.42985e-14,41.25,-14) (4.32624,42,-13.3148) 
(4.32624,42,-13.3148) (3.7082,42,-11.4127) (-2.93987e-14,41.25,-12) 
(-3.42985e-14,41.25,-14) (-3.42985e-14,43.25,-14) (4.32624,44,-13.3148) 
(4.32624,44,-13.3148) (4.32624,42,-13.3148) (-3.42985e-14,41.25,-14) 
(-3.42985e-14,43.25,-14) (-2.93987e-14,43.25,-12) (3.7082,44,-11.4127) 
(3.7082,44,-11.4127) (4.32624,44,-13.3148) (-3.42985e-14,43.25,-14) 
(-2.93987e-14,43.25,-12) (-2.93987e-14,41.25,-12) (3.7082,42,-11.4127) 
(3.7082,42,-11.4127) (3.7082,44,-11.4127) (-2.93987e-14,43.25,-12) 
(3.7082,42,-11.4127) (4.32624,42,-13.3148) (8.22899,42.75,-11.3262) 
(8.22899,42.75,-11.3262) (7.05342,42.75,-9.7082) (3.7082,42,-11.4127) 
(4.32624,42,-13.3148) (4.32624,44,-13.3148) (8.22899,44.75,-11.3262) 
(8.22899,44.75,-11.3262) (8.22899,42.75,-11.3262) (4.32624,42,-13.3148) 
(4.32624,44,-13.3148) (3.7082,44,-11.4127) (7.05342,44.75,-9.7082) 
(7.05342,44.75,-9.7082) (8.22899,44.75,-11.3262) (4.32624,44,-13.3148) 
(3.7082,44,-11.4127) (3.7082,42,-11.4127) (7.05342,42.75,-9.7082) 
(7.05342,42.75,-9.7082) (7.05342,44.75,-9.7082) (3.7082,44,-11.4127) 
(7.05342,42.75,-9.7082) (8.22899,42.75,-11.3262) (11.3262,43.5,-8.22899) 
(11.3262,43.5,-8.22899) (9.7082,43.5,-7.05342) (7.05342,42.75,-9.7082) 
(8.22899,42.75,-11.3262) (8.22899,44.75,-11.3262) (11.3262,45.5,-8.22899) 
(11.3262,45.5,-8.22899) (11.3262,43.5,-8.22899) (8.22899,42.75,-11.3262) 
(8.22899,44.75,-11.3262) (7.05342,44.75,-9.7082) (9.7082,45.5,-7.05342) 
(9.7082,45.5,-7.05342) (11.3262,45.5,-8.22899) (8.22899,44.75,-11.3262) 
(7.05342,44.75,-9.7082) (7.05342,42.75,-9.7082) (9.7082,43.5,-7.05342) 
(9.7082,43.5,-7.05342) (9.7082,45.5,-7.05342) (7.05342,44.75,-9.7082) 
(9.7082,43.5,-7.05342) (11.3262,43.5,-8.22899) (13.3148,44.25,-4.32624) 
(13.3148,44.25,-4.32624) (11.4127,44.25,-3.7082) (9.7082,43.5,-7.05342) 
(11.3262,43.5,-8.22899) (11.3262,45.5,-8.22899) (13.3148,46.25,-4.32624) 
(13.3148,46.25,-4.32624) (13.3148,44.25,-4.32624) (11.3262,43.5,-8.22899) 
(11.3262,45.5,-8.22899) (9.7082,45.5,-7.05342) (11.4127,46.25,-3.7082) 
(11.4127,46.25,-3.7082) (13.3148,46.25,-4.32624) (11.3262,45.5,-8.22899) 
(9.7082,45.5,-7.05342) (9.7082,43.5,-7.05342) (11.4127,44.25,-3.7082) 
(11.4127,44.25,-3.7082) (11.4127,46.25,-3.7082) (9.7082,45.5,-7.05342) 
(11.4127,44.25,-3.7082) (13.3148,44.25,-4.32624) (14,45,-1.02867e-14) 
(14,45,-1.02867e-14) (12,45,-8.81717e-15) (11.4127,44.25,-3.7082) 
(13.3148,44.25,-4.32624) (13.3148,46.25,-4.32624) (14,47,-1.02867e-14) 
(14,47,-1.02867e-14) (14,45,-1.02867e-14) (13.3148,44.25,-4.32624) 
(13.3148,46.25,-4.32624) (11.4127,46.25,-3.7082) (12,47,-8.81717e-15) 
(12,47,-8.81717e-15) (14,47,-1.02867e-14) (13.3148,46.25,-4.32624) 
(11.4127,46.25,-3.7082) (11.4127,44.25,-3.7082) (12,45,-8.81717e-15) 
(12,45,-8.81717e-15) (12,47,-8.81717e-15) (11.4127,46.25,-3.7082) 
(12,45,-8.81717e-15) (14,45,-1.02867e-14) (13.3148,45.75,4.32624) 
(13.3148,45.75,4.32624) (11.4127,45.75,3.7082) (12,45,-8.81717e-15) 
(14,45,-1.02867e-14) (14,47,-1.02867e-14) (13.3148,47.75,4.32624) 
(13.3148,47.75,4.32624) (13.3148,45.75,4.32624) (14,45,-1.02867e-14) 
(14,47,-1.02867e-14) (12,47,-8.81717e-15) (11.4127,47.75,3.7082) 
(11.4127,47.75,3.7082) (13.3148,47.75,4.32624) (14,47,-1.02867e-14) 
(12,47,-8.81717e-15) (12,45,-8.81717e-15) (11.4127,45.75,3.7082) 
(11.4127,45.75,3.7082) (11.4127,47.75,3.7082) (12,47,-8.81717e-15) 
(11.4127,45.75,3.7082) (13.3148,45.75,4.32624) (11.3262,46.5,8.22899) 
(11.3262,46.5,8.22899) (9.7082,46.5,7.05342) (11.4127,45.75,3.7082) 
(13.3148,45.75,4.32624) (13.3148,47.75,4.32624) (11.3262,48.5,8.22899) 
(11.3262,48.5,8.22899) (11.3262,46.5,8.22899) (13.3148,45.75,4.32624) 
(13.3148,47.75,4.32624) (11.4127,47.75,3.7082) (9.7082,48.5,7.05342) 
(9.7082,48.5,7.05342) (11.3262,48.5,8.22899) (13.3148,47.75,4.32624) 
(11.4127,47.75,3.7082) (11.4127,45.75,3.7082) (9.7082,46.5,7.05342) 
(9.7082,46.5,7.05342) (9.7082,48.5,7.05342) (11.4127,47.75,3.7082) 
(9.7082,46.5,7.05342) (11.3262,46.5,8.22899) (8.22899,47.25,11.3262) 
(8.22899,47.25,11.3262) (7.05342,47.25,9.7082) (9.7082,46.5,7.05342) 
(11.3262,46.5,8.22899) (11.3262,48.5,8.22899) (8.22899,49.25,11.3262) 
(8.22899,49.25,11.3262) (8.22899,47.25,11.3262) (11.3262,46.5,8.22899) 
(11.3262,48.5,8.22899) (9.7082,48.5,7.05342) (7.05342,49.25,9.7082) 
(7.05342,49.25,9.7082) (8.22899,49.25,11.3262) (11.3262,48.5,8.22899) 
(9.7082,48.5,7.05342) (9.7082,46.5,7.05342) (7.05342,47.25,9.7082) 
(7.05342,47.25,9.7082) (7.05342,49.25,9.7082) (9.7082,48.5,7.05342) 
(7.05342,47.25,9.7082) (8.22899,47.25,11.3262) (4.32624,48,13.3148) 
(4.32624,48,13.3148) (3.7082,48,11.4127) (7.05342,47.25,9.7082) 
(8.22899,47.25,11.3262) (8.22899,49.25,11.3262) (4.32624,50,13.3148) 
(4.32624,50,13.3148) (4.32624,48,13.3148) (8.22899,47.25,11.3262) 
(8.22899,49.25,11.3262) (7.05342,49.25,9.7082) (3.7082,50,11.4127) 
(3.7082,50,11.4127) (4.32624,50,13.3148) (8.22899,49.25,11.3262) 
(7.05342,49.25,9.7082) (7.05342,47.25,9.7082) (3.7082,48,11.4127) 
(3.7082,48,11.4127) (3.7082,50,11.4127) (7.05342,49.25,9.7082) 
(3.7082,48,11.4127) (4.32624,48,13.3148) (-1.37251e-14,48.75,14) 
(-1.37251e-14,48.75,14) (-1.17644e-14,48.75,12) (3.7082,48,11.4127) 
(4.32624,48,13.3148) (4.32624,50,13.3148) (-1.37251e-14,50.75,14) 
(-1.37251e-14,50.75,14) (-1.37251e-14,48.75,14) (4.32624,48,13.3148) 
(4.32624,50,13.3148) (3.7082,50,11.4127) (-1.17644e-14,50.75,12) 
(-1.17644e-14,50.75,12) (-1.37251e-14,50.75,14) (4.32624,50,13.3148) 
(3.7082,50,11.4127) (3.7082,48,11.4127) (-1.17644e-14,48.75,12) 
(-1.17644e-14,48.75,12) (-1.17644e-14,50.75,12) (3.7082,50,11.4127) 
(-1.17644e-14,48.75,12) (-1.37251e-14,48.75,14) (-4.32624,49.5,13.3148) 
(-4.32624,49.5,13.3148) (-3.7082,49.5,11.4127) (-1.17644e-14,48.75,12) 
(-1.37251e-14,48.75,14) (-1.37251e-14,50.75,14) (-4.32624,51.5,13.3148) 
(-4.32624,51.5,13.3148) (-4.32624,49.5,13.3148) (-1.37251e-14,48.75,14) 
(-1.37251e-14,50.75,14) (-1.17644e-14,50.75,12) (-3.7082,51.5,11.4127) 
(-3.7082,51.5,11.4127) (-4.32624,51.5,13.3148) (-1.37251e-14,50.75,14) 
(-1.17644e-14,50.75,12) (-1.17644e-14,48.75,12) (-3.7082,49.5,11.4127) 
(-3.7082,49.5,11.4127) (-3.7082,51.5,11.4127) (-1.17644e-14,50.75,12) 
(-3.7082,49.5,11.4127) (-4.32624,49.5,13.3148) (-8.22899,50.25,11.3262) 
(-8.22899,50.25,11.3262) (-7.05342,50.25,9.7082) (-3.7082,49.5,11.4127) 
(-4.32624,49.5,13.3148) (-4.32624,51.5,13.3148) (-8.22899,52.25,11.3262) 
(-8.22899,52.25,11.3262) (-8.22899,50.25,11.3262) (-4.32624,49.5,13.3148) 
(-4.32624,51.5,13.3148) (-3.7082,51.5,11.4127) (-7.05342,52.25,9.7082) 
(-7.05342,52.25,9.7082) (-8.22899,52.25,11.3262) (-4.32624,51.5,13.3148) 
(-3.7082,51.5,11.4127) (-3.7082,49.5,11.4127) (-7.05342,50.25,9.7082) 
(-7.05342,50.25,9.7082) (-7.05342,52.25,9.7082) (-3.7082,51.5,11.4127) 
(-7.05342,50.25,9.7082) (-8.22899,50.25,11.3262) (-11.3262,51,8.22899) 
(-11.3262,51,8.22899) (-9.7082,51,7.05342) (-7.05342,50.25,9.7082) 
(-8.22899,50.25,11.3262) (-8.22899,52.25,11.3262) (-11.3262,53,8.22899) 
(-11.3262,53,8.22899) (-11.3262,51,8.22899) (-8.22899,50.25,11.3262) 
(-8.22899,52.25,11.3262) (-7.05342,52.25,9.7082) (-9.7082,53,7.05342) 
(-9.7082,53,7.05342) (-11.3262,53,8.22899) (-8.22899,52.25,11.3262) 
(-7.05342,52.25,9.7082) (-7.05342,50.25,9.7082) (-9.7082,51,7.05342) 
(-9.7082,51,7.05342) (-9.7082,53,7.05342) (-7.05342,52.25,9.7082) 
(-9.7082,51,7.05342) (-11.3262,51,8.22899) (-13.3148,51.75,4.32624) 
(-13.3148,51.75,4.32624) (-11.4127,51.75,3.7082) (-9.7082,51,7.05342) 
(-11.3262,51,8.22899) (-11.3262,53,8.22899) (-13.3148,53.75,4.32624) 
(-13.3148,53.75,4.32624) (-13.3148,51.75,4.32624) (-11.3262,51,8.22899) 
(-11.3262,53,8.22899) (-9.7082,53,7.05342) (-11.4127,53.75,3.7082) 
(-11.4127,53.75,3.7082) (-13.3148,53.75,4.32624) (-11.3262,53,8.22899) 
(-9.7082,53,7.05342) (-9.7082,51,7.05342) (-11.4127,51.75,3.7082) 
(-11.4127,51.75,3.7082) (-11.4127,53.75,3.7082) (-9.7082,53,7.05342) 
(-11.4127,51.75,3.7082) (-13.3148,51.75,4.32624) (-14,52.5,1.20011e-14) 
(-14,52.5,1.20011e-14) (-12,52.5,1.02867e-14) (-11.4127,51.75,3.7082) 
(-13.3148,51.75,4.32624) (-13.3148,53.75,4.32624) (-14,54.5,1.20011e-14) 
(-14,54.5,1.20011e-14) (-14,52.5,1.20011e-14) (-13.3148,51.75,4.32624) 
(-13.3148,53.75,4.32624) (-11.4127,53.75,3.7082) (-12,54.5,1.02867e-14) 
(-12,54.5,1.02867e-14) (-14,54.5,1.20011e-14) (-13.3148,53.75,4.32624) 
(-11.4127,53.75,3.7082) (-11.4127,51.75,3.7082) (-12,52.5,1.02867e-14) 
(-12,52.5,1.02867e-14) (-12,54.5,1.02867e-14) (-11.4127,53.75,3.7082) 
(-12,52.5,1.02867e-14) (-14,52.5,1.20011e-14) (-13.3148,53.25,-4.32624) 
(-13.3148,53.25,-4.32624) (-11.4127,53.25,-3.7082) (-12,52.5,1.02867e-14) 
(-14,52.5,1.20011e-14) (-14,54.5,1.20011e-14) (-13.3148,55.25,-4.32624) 
(-13.3148,55.25,-4.32624) (-13.3148,53.25,-4.32624) (-14,52.5,1.20011e-14) 
(-14,54.5,1.20011e-14) (-12,54.5,1.02867e-14) (-11.4127,55.25,-3.7082) 
(-11.4127,55.25,-3.7082) (-13.3148,55.25,-4.32624) (-14,54.5,1.20011e-14) 
(-12,54.5,1.02867e-14) (-12,52.5,1.02867e-14) (-11.4127,53.25,-3.7082) 
(-11.4127,53.25,-3.7082) (-11.4127,55.25,-3.7082) (-12,54.5,1.02867e-14) 
(-11.4127,53.25,-3.7082) (-13.3148,53.25,-4.32624) (-11.3262,54,-8.22899) 
(-11.3262,54,-8.22899) (-9.7082,54,-7.05342) (-11.4127,53.25,-3.7082) 
(-13.3148,53.25,-4.32624) (-13.3148,55.25,-4.32624) (-11.3262,56,-8.22899) 
(-11.3262,56,-8.22899) (-11.3262,54,-8.22899) (-13.3148,53.25,-4.32624) 
(-13.3148,55.25,-4.32624) (-11.4127,55.25,-3.7082) (-9.7082,56,-7.05342) 
(-9.7082,56,-7.05342) (-11.3262,56,-8.22899) (-13.3148,55.25,-4.32624) 
(-11.4127,55.25,-3.7082) (-11.4127,53.25,-3.7082) (-9.7082,54,-7.05342) 
(-9.7082,54,-7.05342) (-9.7082,56,-7.05342) (-11.4127,55.25,-3.7082) 
(-9.7082,54,-7.05342) (-11.3262,54,-8.22899) (-8.22899,54.75,-11.3262) 
(-8.22899,54.75,-11.3262) (-7.05342,54.75,-9.7082) (-9.7082,54,-7.05342) 
(-11.3262,54,-8.22899) (-11.3262,56,-8.22899) (-8.22899,56.75,-11.3262) 
(-8.22899,56.75,-11.3262) (-8.22899,54.75,-11.3262) (-11.3262,54,-8.22899) 
(-11.3262,56,-8.22899) (-9.7082,56,-7.05342) (-7.05342,56.75,-9.7082) 
(-7.05342,56.75,-9.7082) (-8.22899,56.75,-11.3262) (-11.3262,56,-8.22899) 
(-9.7082,56,-7.05342) (-9.7082,54,-7.05342) (-7.05342,54.75,-9.7082) 
(-7.05342,54.75,-9.7082) (-7.05342,56.75,-9.7082) (-9.7082,56,-7.05342) 
(-7.05342,54.75,-9.7082) (-8.22899,54.75,-11.3262) (-4.32624,55.5,-13.3148) 
(-4.32624,55.5,-13.3148) (-3.7082,55.5,-11.4127) (-7.05342,54.75,-9.7082) 
(-8.22899,54.75,-11.3262) (-8.22899,56.75,-11.3262) (-4.32624,57.5,-13.3148) 
(-4.32624,57.5,-13.3148) (-4.32624,55.5,-13.3148) (-8.22899,54.75,-11.3262) 
(-8.22899,56.75,-11.3262) (-7.05342,56.75,-9.7082) (-3.7082,57.5,-11.4127) 
(-3.7082,57.5,-11.4127) (-4.32624,57.5,-13.3148) (-8.22899,56.75,-11.3262) 
(-7.05342,56.75,-9.7082) (-7.05342,54.75,-9.7082) (-3.7082,55.5,-11.4127) 
(-3.7082,55.5,-11.4127) (-3.7082,57.5,-11.4127) (-7.05342,56.75,-9.7082) 
(-3.7082,55.5,-11.4127) (-4.32624,55.5,-13.3148) (-3.77274e-14,56.25,-14) 
(-3.77274e-14,56.25,-14) (-3.23377e-14,56.25,-12) (-3.7082,55.5,-11.4127) 
(-4.32624,55.5,-13.3148) (-4.32624,57.5,-13.3148) (-3.77274e-14,58.25,-14) 
(-3.77274e-14,58.25,-14) (-3.77274e-14,56.25,-14) (-4.32624,55.5,-13.3148) 
(-4.32624,57.5,-13.3148) (-3.7082,57.5,-11.4127) (-3.23377e-14,58.25,-12) 
(-3.23377e-14,58.25,-12) (-3.77274e-14,58.25,-14) (-4.32624,57.5,-13.3148) 
(-3.7082,57.5,-11.4127) (-3.7082,55.5,-11.4127) (-3.23377e-14,56.25,-12) 
(-3.23377e-14,56.25,-12) (-3.23377e-14,58.25,-12) (-3.7082,57.5,-11.4127) 
(-3.23377e-14,56.25,-12) (-3.77274e-14,56.25,-14) (4.32624,57,-13.3148) 
(4.32624,57,-13.3148) (3.7082,57,-11.4127) (-3.23377e-14,56.25,-12) 
(-3.77274e-14,56.25,-14) (-3.77274e-14,58.25,-14) (4.32624,59,-13.3148) 
(4.32624,59,-13.3148) (4.32624,57,-13.3148) (-3.77274e-14,56.25,-14) 
(-3.77274e-14,58.25,-14) (-3.23377e-14,58.25,-12) (3.7082,59,-11.4127) 
(3.7082,59,-11.4127) (4.32624,59,-13.3148) (-3.77274e-14,58.25,-14) 
(-3.23377e-14,58.25,-12) (-3.23377e-14,56.25,-12) (3.7082,57,-11.4127) 
(3.7082,57,-11.4127) (3.7082,59,-11.4127) (-3.23377e-14,58.25,-12) 
(3.7082,57,-11.4127) (4.32624,57,-13.3148) (8.22899,57.75,-11.3262) 
(8.22899,57.75,-11.3262) (7.05342,57.75,-9.7082) (3.7082,57,-11.4127) 
(4.32624,57,-13.3148) (4.32624,59,-13.3148) (8.22899,59.75,-11.3262) 
(8.22899,59.75,-11.3262) (8.22899,57.75,-11.3262) (4.32624,57,-13.3148) 
(4.32624,59,-13.3148) (3.7082,59,-11.4127) (7.05342,59.75,-9.7082) 
(7.05342,59.75,-9.7082) (8.22899,59.75,-11.3262) (4.32624,59,-13.3148) 
(3.7082,59,-11.4127) (3.7082,57,-11.4127) (7.05342,57.75,-9.7082) 
(7.05342,57.75,-9.7082) (7.05342,59.75,-9.7082) (3.7082,59,-11.4127) 
(7.05342,57.75,-9.7082) (8.22899,57.75,-11.3262) (11.3262,58.5,-8.22899) 
(11.3262,58.5,-8.22899) (9.7082,58.5,-7.05342) (7.05342,57.75,-9.7082) 
(8.22899,57.75,-11.3262) (8.22899,59.75,-11.3262) (11.3262,60.5,-8.22899) 
(11.3262,60.5,-8.22899) (11.3262,58.5,-8.22899) (8.22899,57.75,-11.3262) 
(8.22899,59.75,-11.3262) (7.05342,59.75,-9.7082) (9.7082,60.5,-7.05342) 
(9.7082,60.5,-7.05342) (11.3262,60.5,-8.22899) (8.22899,59.75,-11.3262) 
(7.05342,59.75,-9.7082) (7.05342,57.75,-9.7082) (9.7082,58.5,-7.05342) 
(9.7082,58.5,-7.05342) (9.7082,60.5,-7.05342) (7.05342,59.75,-9.7082) 
(9.7082,58.5,-7.05342) (11.3262,58.5,-8.22899) (13.3148,59.25,-4.32624) 
(13.3148,59.25,-4.32624) (11.4127,59.25,-3.7082) (9.7082,58.5,-7.05342) 
(11.3262,58.5,-8.22899) (11.3262,60.5,-8.22899) (13.3148,61.25,-4.32624) 
(13.3148,61.25,-4.32624) (13.3148,59.25,-4.32624) (11.3262,58.5,-8.22899) 
(11.3262,60.5,-8.22899) (9.7082,60.5,-7.05342) (11.4127,61.25,-3.7082) 
(11.4127,61.25,-3.7082) (13.3148,61.25,-4.32624) (11.3262,60.5,-8.22899) 
(9.7082,60.5,-7.05342) (9.7082,58.5,-7.05342) (11.4127,59.25,-3.7082) 
(11.4127,59.25,-3.7082) (11.4127,61.25,-3.7082) (9.7082,60.5,-7.05342) 
