(-5,20,5) (-5,20,-5) (5,20,-5) 
(5,20,-5) (5,20,5) (-5,20,5) 
(5,20,-5) (-5,20,-5) (-5,50,-5) 
(-5,50,-5) (5,50,-5) (5,20,-5) 
(-5,50,-5) (-5,20,-5) (-5,20,5) 
(-5,20,5) (-5,50,5) (-5,50,-5) 
(5,50,-5) (5,50,5) (5,20,5) 
(5,20,5) (5,20,-5) (5,50,-5) 
(-5,50,5) (-5,20,5) (5,20,5) 
(5,20,5) (5,50,5) (-5,50,5) 
(5,50,-5) (-5,50,-5) (-5,50,5) 
(-5,50,5) (5,50,5) (5,50,-5)

(-5,20,5) (-5,20,-5) (50,20,-5) 
(50,20,-5) (50,20,5) (-5,20,5) 
(50,20,-5) (-5,20,-5) (-5,26,-5) 
(-5,26,-5) (50,26,-5) (50,20,-5) 
(-5,26,-5) (-5,20,-5) (-5,20,5) 
(-5,20,5) (-5,26,5) (-5,26,-5) 
(50,26,-5) (50,26,5) (50,20,5) 
(50,20,5) (50,20,-5) (50,26,-5) 
(-5,26,5) (-5,20,5) (50,20,5) 
(50,20,5) (50,26,5) (-5,26,5) 
(50,26,-5) (-5,26,-5) (-5,26,5) 
(-5,26,5) (50,26,5) (50,26,-5)
