(2,-50,-50) (2,50,-50) (2,50,-10)
(2,50,-10) (2,-50,-10) (2,-50,-50)
(-2,50,-10) (-2,50,-50) (-2,-50,-50)
(-2,-50,-50) (-2,-50,-10) (-2,50,-10)
(2,50,-50) (-2,50,-50) (-2,50,-10)
(-2,50,-10) (2,50,-10) (2,50,-50)
(-2,-50,-10) (-2,-50,-50) (2,-50,-50)
(2,-50,-50) (2,-50,-10) (-2,-50,-10)
(2,-50,-10) (2,50,-10) (-2,50,-10)
(-2,50,-10) (-2,-50,-10) (2,-50,-10)
(-2,50,-50) (2,50,-50) (2,-50,-50)
(2,-50,-50) (-2,-50,-50) (-2,50,-50)
(2,-50,10) (2,50,10) (2,50,50)
(2,50,50) (2,-50,50) (2,-50,10)
(-2,50,50) (-2,50,10) (-2,-50,10)
(-2,-50,10) (-2,-50,50) (-2,50,50)
(2,50,10) (-2,50,10) (-2,50,50)
(-2,50,50) (2,50,50) (2,50,10)
(-2,-50,50) (-2,-50,10) (2,-50,10)
(2,-50,10) (2,-50,50) (-2,-50,50)
(2,-50,50) (2,50,50) (-2,50,50)
(-2,50,50) (-2,-50,50) (2,-50,50)
(-2,50,10) (2,50,10) (2,-50,10)
(2,-50,10) (-2,-50,10) (-2,50,10)
(2,-50,-10) (2,-10,-10) (2,-10,10)
(2,-10,10) (2,-50,10) (2,-50,-10)
(-2,-10,10) (-2,-10,-10) (-2,-50,-10)
(-2,-50,-10) (-2,-50,10) (-2,-10,10)
(2,-10,-10) (-2,-10,-10) (-2,-10,10)
(-2,-10,10) (2,-10,10) (2,-10,-10)
(-2,-50,10) (-2,-50,-10) (2,-50,-10)
(2,-50,-10) (2,-50,10) (-2,-50,10)
(2,10,-10) (2,50,-10) (2,50,10)
(2,50,10) (2,10,10) (2,10,-10)
(-2,50,10) (-2,50,-10) (-2,10,-10)
(-2,10,-10) (-2,10,10) (-2,50,10)
(2,50,-10) (-2,50,-10) (-2,50,10)
(-2,50,10) (2,50,10) (2,50,-10)
(-2,10,10) (-2,10,-10) (2,10,-10)
(2,10,-10) (2,10,10) (-2,10,10)
(-50,-50,50) (-50,-50,-50) (-46,-50,-50) 
(-46,-50,-50) (-46,-50,50) (-50,-50,50) 
(-46,-50,-50) (-50,-50,-50) (-50,15,-50) 
(-50,15,-50) (-46,15,-50) (-46,-50,-50) 
(-50,15,-50) (-50,-50,-50) (-50,-50,50) 
(-50,-50,50) (-50,15,50) (-50,15,-50) 
(-46,15,-50) (-46,15,50) (-46,-50,50) 
(-46,-50,50) (-46,-50,-50) (-46,15,-50) 
(-50,15,50) (-50,-50,50) (-46,-50,50) 
(-46,-50,50) (-46,15,50) (-50,15,50) 
(-46,15,-50) (-50,15,-50) (-50,15,50) 
(-50,15,50) (-46,15,50) (-46,15,-50) 
(-50,40,50) (-50,40,-50) (-46,40,-50) 
(-46,40,-50) (-46,40,50) (-50,40,50) 
(-46,40,-50) (-50,40,-50) (-50,50,-50) 
(-50,50,-50) (-46,50,-50) (-46,40,-50) 
(-50,50,-50) (-50,40,-50) (-50,40,50) 
(-50,40,50) (-50,50,50) (-50,50,-50) 
(-46,50,-50) (-46,50,50) (-46,40,50) 
(-46,40,50) (-46,40,-50) (-46,50,-50) 
(-50,50,50) (-50,40,50) (-46,40,50) 
(-46,40,50) (-46,50,50) (-50,50,50) 
(-46,50,-50) (-50,50,-50) (-50,50,50) 
(-50,50,50) (-46,50,50) (-46,50,-50) 
(-50,15,-45) (-50,15,-50) (-46,15,-50) 
(-46,15,-50) (-46,15,-45) (-50,15,-45) 
(-46,15,-50) (-50,15,-50) (-50,40,-50) 
(-50,40,-50) (-46,40,-50) (-46,15,-50) 
(-50,40,-50) (-50,15,-50) (-50,15,-45) 
(-50,15,-45) (-50,40,-45) (-50,40,-50) 
(-46,40,-50) (-46,40,-45) (-46,15,-45) 
(-46,15,-45) (-46,15,-50) (-46,40,-50) 
(-50,40,-45) (-50,15,-45) (-46,15,-45) 
(-46,15,-45) (-46,40,-45) (-50,40,-45) 
(-46,40,-50) (-50,40,-50) (-50,40,-45) 
(-50,40,-45) (-46,40,-45) (-46,40,-50) 
(-50,15,50) (-50,15,-20) (-46,15,-20) 
(-46,15,-20) (-46,15,50) (-50,15,50) 
(-46,15,-20) (-50,15,-20) (-50,40,-20) 
(-50,40,-20) (-46,40,-20) (-46,15,-20) 
(-50,40,-20) (-50,15,-20) (-50,15,50) 
(-50,15,50) (-50,40,50) (-50,40,-20) 
(-46,40,-20) (-46,40,50) (-46,15,50) 
(-46,15,50) (-46,15,-20) (-46,40,-20) 
(-50,40,50) (-50,15,50) (-46,15,50) 
(-46,15,50) (-46,40,50) (-50,40,50) 
(-46,40,-20) (-50,40,-20) (-50,40,50) 
(-50,40,50) (-46,40,50) (-46,40,-20) 
