(5,0,0) (7,2,0) (7,0,0) 
(7,2,0) (5,0,0) (5,2,0) 
(4.75528,49.5,-1.54508) (6.6574,49.5,-2.16312) (6.6574,51.5,-2.16312) 
(6.6574,51.5,-2.16312) (4.75528,51.5,-1.54508) (4.75528,49.5,-1.54508) 
(5,0,0) (7,0,0) (6.6574,0.5,2.16312) 
(6.6574,0.5,2.16312) (4.75528,0.5,1.54508) (5,0,0) 
(7,0,0) (7,2,0) (6.6574,2.5,2.16312) 
(6.6574,2.5,2.16312) (6.6574,0.5,2.16312) (7,0,0) 
(7,2,0) (5,2,0) (4.75528,2.5,1.54508) 
(4.75528,2.5,1.54508) (6.6574,2.5,2.16312) (7,2,0) 
(5,2,0) (5,0,0) (4.75528,0.5,1.54508) 
(4.75528,0.5,1.54508) (4.75528,2.5,1.54508) (5,2,0) 
(4.75528,0.5,1.54508) (6.6574,0.5,2.16312) (5.66312,1,4.1145) 
(5.66312,1,4.1145) (4.04508,1,2.93893) (4.75528,0.5,1.54508) 
(6.6574,0.5,2.16312) (6.6574,2.5,2.16312) (5.66312,3,4.1145) 
(5.66312,3,4.1145) (5.66312,1,4.1145) (6.6574,0.5,2.16312) 
(6.6574,2.5,2.16312) (4.75528,2.5,1.54508) (4.04508,3,2.93893) 
(4.04508,3,2.93893) (5.66312,3,4.1145) (6.6574,2.5,2.16312) 
(4.75528,2.5,1.54508) (4.75528,0.5,1.54508) (4.04508,1,2.93893) 
(4.04508,1,2.93893) (4.04508,3,2.93893) (4.75528,2.5,1.54508) 
(4.04508,1,2.93893) (5.66312,1,4.1145) (4.1145,1.5,5.66312) 
(4.1145,1.5,5.66312) (2.93893,1.5,4.04508) (4.04508,1,2.93893) 
(5.66312,1,4.1145) (5.66312,3,4.1145) (4.1145,3.5,5.66312) 
(4.1145,3.5,5.66312) (4.1145,1.5,5.66312) (5.66312,1,4.1145) 
(5.66312,3,4.1145) (4.04508,3,2.93893) (2.93893,3.5,4.04508) 
(2.93893,3.5,4.04508) (4.1145,3.5,5.66312) (5.66312,3,4.1145) 
(4.04508,3,2.93893) (4.04508,1,2.93893) (2.93893,1.5,4.04508) 
(2.93893,1.5,4.04508) (2.93893,3.5,4.04508) (4.04508,3,2.93893) 
(2.93893,1.5,4.04508) (4.1145,1.5,5.66312) (2.16312,2,6.6574) 
(2.16312,2,6.6574) (1.54508,2,4.75528) (2.93893,1.5,4.04508) 
(4.1145,1.5,5.66312) (4.1145,3.5,5.66312) (2.16312,4,6.6574) 
(2.16312,4,6.6574) (2.16312,2,6.6574) (4.1145,1.5,5.66312) 
(4.1145,3.5,5.66312) (2.93893,3.5,4.04508) (1.54508,4,4.75528) 
(1.54508,4,4.75528) (2.16312,4,6.6574) (4.1145,3.5,5.66312) 
(2.93893,3.5,4.04508) (2.93893,1.5,4.04508) (1.54508,2,4.75528) 
(1.54508,2,4.75528) (1.54508,4,4.75528) (2.93893,3.5,4.04508) 
(1.54508,2,4.75528) (2.16312,2,6.6574) (4.28612e-16,2.5,7) 
(4.28612e-16,2.5,7) (3.06152e-16,2.5,5) (1.54508,2,4.75528) 
(2.16312,2,6.6574) (2.16312,4,6.6574) (4.28612e-16,4.5,7) 
(4.28612e-16,4.5,7) (4.28612e-16,2.5,7) (2.16312,2,6.6574) 
(2.16312,4,6.6574) (1.54508,4,4.75528) (3.06152e-16,4.5,5) 
(3.06152e-16,4.5,5) (4.28612e-16,4.5,7) (2.16312,4,6.6574) 
(1.54508,4,4.75528) (1.54508,2,4.75528) (3.06152e-16,2.5,5) 
(3.06152e-16,2.5,5) (3.06152e-16,4.5,5) (1.54508,4,4.75528) 
(3.06152e-16,2.5,5) (4.28612e-16,2.5,7) (-2.16312,3,6.6574) 
(-2.16312,3,6.6574) (-1.54508,3,4.75528) (3.06152e-16,2.5,5) 
(4.28612e-16,2.5,7) (4.28612e-16,4.5,7) (-2.16312,5,6.6574) 
(-2.16312,5,6.6574) (-2.16312,3,6.6574) (4.28612e-16,2.5,7) 
(4.28612e-16,4.5,7) (3.06152e-16,4.5,5) (-1.54508,5,4.75528) 
(-1.54508,5,4.75528) (-2.16312,5,6.6574) (4.28612e-16,4.5,7) 
(3.06152e-16,4.5,5) (3.06152e-16,2.5,5) (-1.54508,3,4.75528) 
(-1.54508,3,4.75528) (-1.54508,5,4.75528) (3.06152e-16,4.5,5) 
(-1.54508,3,4.75528) (-2.16312,3,6.6574) (-4.1145,3.5,5.66312) 
(-4.1145,3.5,5.66312) (-2.93893,3.5,4.04508) (-1.54508,3,4.75528) 
(-2.16312,3,6.6574) (-2.16312,5,6.6574) (-4.1145,5.5,5.66312) 
(-4.1145,5.5,5.66312) (-4.1145,3.5,5.66312) (-2.16312,3,6.6574) 
(-2.16312,5,6.6574) (-1.54508,5,4.75528) (-2.93893,5.5,4.04508) 
(-2.93893,5.5,4.04508) (-4.1145,5.5,5.66312) (-2.16312,5,6.6574) 
(-1.54508,5,4.75528) (-1.54508,3,4.75528) (-2.93893,3.5,4.04508) 
(-2.93893,3.5,4.04508) (-2.93893,5.5,4.04508) (-1.54508,5,4.75528) 
(-2.93893,3.5,4.04508) (-4.1145,3.5,5.66312) (-5.66312,4,4.1145) 
(-5.66312,4,4.1145) (-4.04508,4,2.93893) (-2.93893,3.5,4.04508) 
(-4.1145,3.5,5.66312) (-4.1145,5.5,5.66312) (-5.66312,6,4.1145) 
(-5.66312,6,4.1145) (-5.66312,4,4.1145) (-4.1145,3.5,5.66312) 
(-4.1145,5.5,5.66312) (-2.93893,5.5,4.04508) (-4.04508,6,2.93893) 
(-4.04508,6,2.93893) (-5.66312,6,4.1145) (-4.1145,5.5,5.66312) 
(-2.93893,5.5,4.04508) (-2.93893,3.5,4.04508) (-4.04508,4,2.93893) 
(-4.04508,4,2.93893) (-4.04508,6,2.93893) (-2.93893,5.5,4.04508) 
(-4.04508,4,2.93893) (-5.66312,4,4.1145) (-6.6574,4.5,2.16312) 
(-6.6574,4.5,2.16312) (-4.75528,4.5,1.54508) (-4.04508,4,2.93893) 
(-5.66312,4,4.1145) (-5.66312,6,4.1145) (-6.6574,6.5,2.16312) 
(-6.6574,6.5,2.16312) (-6.6574,4.5,2.16312) (-5.66312,4,4.1145) 
(-5.66312,6,4.1145) (-4.04508,6,2.93893) (-4.75528,6.5,1.54508) 
(-4.75528,6.5,1.54508) (-6.6574,6.5,2.16312) (-5.66312,6,4.1145) 
(-4.04508,6,2.93893) (-4.04508,4,2.93893) (-4.75528,4.5,1.54508) 
(-4.75528,4.5,1.54508) (-4.75528,6.5,1.54508) (-4.04508,6,2.93893) 
(-4.75528,4.5,1.54508) (-6.6574,4.5,2.16312) (-7,5,8.57224e-16) 
(-7,5,8.57224e-16) (-5,5,6.12303e-16) (-4.75528,4.5,1.54508) 
(-6.6574,4.5,2.16312) (-6.6574,6.5,2.16312) (-7,7,8.57224e-16) 
(-7,7,8.57224e-16) (-7,5,8.57224e-16) (-6.6574,4.5,2.16312) 
(-6.6574,6.5,2.16312) (-4.75528,6.5,1.54508) (-5,7,6.12303e-16) 
(-5,7,6.12303e-16) (-7,7,8.57224e-16) (-6.6574,6.5,2.16312) 
(-4.75528,6.5,1.54508) (-4.75528,4.5,1.54508) (-5,5,6.12303e-16) 
(-5,5,6.12303e-16) (-5,7,6.12303e-16) (-4.75528,6.5,1.54508) 
(-5,5,6.12303e-16) (-7,5,8.57224e-16) (-6.6574,5.5,-2.16312) 
(-6.6574,5.5,-2.16312) (-4.75528,5.5,-1.54508) (-5,5,6.12303e-16) 
(-7,5,8.57224e-16) (-7,7,8.57224e-16) (-6.6574,7.5,-2.16312) 
(-6.6574,7.5,-2.16312) (-6.6574,5.5,-2.16312) (-7,5,8.57224e-16) 
(-7,7,8.57224e-16) (-5,7,6.12303e-16) (-4.75528,7.5,-1.54508) 
(-4.75528,7.5,-1.54508) (-6.6574,7.5,-2.16312) (-7,7,8.57224e-16) 
(-5,7,6.12303e-16) (-5,5,6.12303e-16) (-4.75528,5.5,-1.54508) 
(-4.75528,5.5,-1.54508) (-4.75528,7.5,-1.54508) (-5,7,6.12303e-16) 
(-4.75528,5.5,-1.54508) (-6.6574,5.5,-2.16312) (-5.66312,6,-4.1145) 
(-5.66312,6,-4.1145) (-4.04508,6,-2.93893) (-4.75528,5.5,-1.54508) 
(-6.6574,5.5,-2.16312) (-6.6574,7.5,-2.16312) (-5.66312,8,-4.1145) 
(-5.66312,8,-4.1145) (-5.66312,6,-4.1145) (-6.6574,5.5,-2.16312) 
(-6.6574,7.5,-2.16312) (-4.75528,7.5,-1.54508) (-4.04508,8,-2.93893) 
(-4.04508,8,-2.93893) (-5.66312,8,-4.1145) (-6.6574,7.5,-2.16312) 
(-4.75528,7.5,-1.54508) (-4.75528,5.5,-1.54508) (-4.04508,6,-2.93893) 
(-4.04508,6,-2.93893) (-4.04508,8,-2.93893) (-4.75528,7.5,-1.54508) 
(-4.04508,6,-2.93893) (-5.66312,6,-4.1145) (-4.1145,6.5,-5.66312) 
(-4.1145,6.5,-5.66312) (-2.93893,6.5,-4.04508) (-4.04508,6,-2.93893) 
(-5.66312,6,-4.1145) (-5.66312,8,-4.1145) (-4.1145,8.5,-5.66312) 
(-4.1145,8.5,-5.66312) (-4.1145,6.5,-5.66312) (-5.66312,6,-4.1145) 
(-5.66312,8,-4.1145) (-4.04508,8,-2.93893) (-2.93893,8.5,-4.04508) 
(-2.93893,8.5,-4.04508) (-4.1145,8.5,-5.66312) (-5.66312,8,-4.1145) 
(-4.04508,8,-2.93893) (-4.04508,6,-2.93893) (-2.93893,6.5,-4.04508) 
(-2.93893,6.5,-4.04508) (-2.93893,8.5,-4.04508) (-4.04508,8,-2.93893) 
(-2.93893,6.5,-4.04508) (-4.1145,6.5,-5.66312) (-2.16312,7,-6.6574) 
(-2.16312,7,-6.6574) (-1.54508,7,-4.75528) (-2.93893,6.5,-4.04508) 
(-4.1145,6.5,-5.66312) (-4.1145,8.5,-5.66312) (-2.16312,9,-6.6574) 
(-2.16312,9,-6.6574) (-2.16312,7,-6.6574) (-4.1145,6.5,-5.66312) 
(-4.1145,8.5,-5.66312) (-2.93893,8.5,-4.04508) (-1.54508,9,-4.75528) 
(-1.54508,9,-4.75528) (-2.16312,9,-6.6574) (-4.1145,8.5,-5.66312) 
(-2.93893,8.5,-4.04508) (-2.93893,6.5,-4.04508) (-1.54508,7,-4.75528) 
(-1.54508,7,-4.75528) (-1.54508,9,-4.75528) (-2.93893,8.5,-4.04508) 
(-1.54508,7,-4.75528) (-2.16312,7,-6.6574) (-1.28584e-15,7.5,-7) 
(-1.28584e-15,7.5,-7) (-9.18455e-16,7.5,-5) (-1.54508,7,-4.75528) 
(-2.16312,7,-6.6574) (-2.16312,9,-6.6574) (-1.28584e-15,9.5,-7) 
(-1.28584e-15,9.5,-7) (-1.28584e-15,7.5,-7) (-2.16312,7,-6.6574) 
(-2.16312,9,-6.6574) (-1.54508,9,-4.75528) (-9.18455e-16,9.5,-5) 
(-9.18455e-16,9.5,-5) (-1.28584e-15,9.5,-7) (-2.16312,9,-6.6574) 
(-1.54508,9,-4.75528) (-1.54508,7,-4.75528) (-9.18455e-16,7.5,-5) 
(-9.18455e-16,7.5,-5) (-9.18455e-16,9.5,-5) (-1.54508,9,-4.75528) 
(-9.18455e-16,7.5,-5) (-1.28584e-15,7.5,-7) (2.16312,8,-6.6574) 
(2.16312,8,-6.6574) (1.54508,8,-4.75528) (-9.18455e-16,7.5,-5) 
(-1.28584e-15,7.5,-7) (-1.28584e-15,9.5,-7) (2.16312,10,-6.6574) 
(2.16312,10,-6.6574) (2.16312,8,-6.6574) (-1.28584e-15,7.5,-7) 
(-1.28584e-15,9.5,-7) (-9.18455e-16,9.5,-5) (1.54508,10,-4.75528) 
(1.54508,10,-4.75528) (2.16312,10,-6.6574) (-1.28584e-15,9.5,-7) 
(-9.18455e-16,9.5,-5) (-9.18455e-16,7.5,-5) (1.54508,8,-4.75528) 
(1.54508,8,-4.75528) (1.54508,10,-4.75528) (-9.18455e-16,9.5,-5) 
(1.54508,8,-4.75528) (2.16312,8,-6.6574) (4.1145,8.5,-5.66312) 
(4.1145,8.5,-5.66312) (2.93893,8.5,-4.04508) (1.54508,8,-4.75528) 
(2.16312,8,-6.6574) (2.16312,10,-6.6574) (4.1145,10.5,-5.66312) 
(4.1145,10.5,-5.66312) (4.1145,8.5,-5.66312) (2.16312,8,-6.6574) 
(2.16312,10,-6.6574) (1.54508,10,-4.75528) (2.93893,10.5,-4.04508) 
(2.93893,10.5,-4.04508) (4.1145,10.5,-5.66312) (2.16312,10,-6.6574) 
(1.54508,10,-4.75528) (1.54508,8,-4.75528) (2.93893,8.5,-4.04508) 
(2.93893,8.5,-4.04508) (2.93893,10.5,-4.04508) (1.54508,10,-4.75528) 
(2.93893,8.5,-4.04508) (4.1145,8.5,-5.66312) (5.66312,9,-4.1145) 
(5.66312,9,-4.1145) (4.04508,9,-2.93893) (2.93893,8.5,-4.04508) 
(4.1145,8.5,-5.66312) (4.1145,10.5,-5.66312) (5.66312,11,-4.1145) 
(5.66312,11,-4.1145) (5.66312,9,-4.1145) (4.1145,8.5,-5.66312) 
(4.1145,10.5,-5.66312) (2.93893,10.5,-4.04508) (4.04508,11,-2.93893) 
(4.04508,11,-2.93893) (5.66312,11,-4.1145) (4.1145,10.5,-5.66312) 
(2.93893,10.5,-4.04508) (2.93893,8.5,-4.04508) (4.04508,9,-2.93893) 
(4.04508,9,-2.93893) (4.04508,11,-2.93893) (2.93893,10.5,-4.04508) 
(4.04508,9,-2.93893) (5.66312,9,-4.1145) (6.6574,9.5,-2.16312) 
(6.6574,9.5,-2.16312) (4.75528,9.5,-1.54508) (4.04508,9,-2.93893) 
(5.66312,9,-4.1145) (5.66312,11,-4.1145) (6.6574,11.5,-2.16312) 
(6.6574,11.5,-2.16312) (6.6574,9.5,-2.16312) (5.66312,9,-4.1145) 
(5.66312,11,-4.1145) (4.04508,11,-2.93893) (4.75528,11.5,-1.54508) 
(4.75528,11.5,-1.54508) (6.6574,11.5,-2.16312) (5.66312,11,-4.1145) 
(4.04508,11,-2.93893) (4.04508,9,-2.93893) (4.75528,9.5,-1.54508) 
(4.75528,9.5,-1.54508) (4.75528,11.5,-1.54508) (4.04508,11,-2.93893) 
(4.75528,9.5,-1.54508) (6.6574,9.5,-2.16312) (7,10,-1.71445e-15) 
(7,10,-1.71445e-15) (5,10,-1.22461e-15) (4.75528,9.5,-1.54508) 
(6.6574,9.5,-2.16312) (6.6574,11.5,-2.16312) (7,12,-1.71445e-15) 
(7,12,-1.71445e-15) (7,10,-1.71445e-15) (6.6574,9.5,-2.16312) 
(6.6574,11.5,-2.16312) (4.75528,11.5,-1.54508) (5,12,-1.22461e-15) 
(5,12,-1.22461e-15) (7,12,-1.71445e-15) (6.6574,11.5,-2.16312) 
(4.75528,11.5,-1.54508) (4.75528,9.5,-1.54508) (5,10,-1.22461e-15) 
(5,10,-1.22461e-15) (5,12,-1.22461e-15) (4.75528,11.5,-1.54508) 
(5,10,-1.22461e-15) (7,10,-1.71445e-15) (6.6574,10.5,2.16312) 
(6.6574,10.5,2.16312) (4.75528,10.5,1.54508) (5,10,-1.22461e-15) 
(7,10,-1.71445e-15) (7,12,-1.71445e-15) (6.6574,12.5,2.16312) 
(6.6574,12.5,2.16312) (6.6574,10.5,2.16312) (7,10,-1.71445e-15) 
(7,12,-1.71445e-15) (5,12,-1.22461e-15) (4.75528,12.5,1.54508) 
(4.75528,12.5,1.54508) (6.6574,12.5,2.16312) (7,12,-1.71445e-15) 
(5,12,-1.22461e-15) (5,10,-1.22461e-15) (4.75528,10.5,1.54508) 
(4.75528,10.5,1.54508) (4.75528,12.5,1.54508) (5,12,-1.22461e-15) 
(4.75528,10.5,1.54508) (6.6574,10.5,2.16312) (5.66312,11,4.1145) 
(5.66312,11,4.1145) (4.04508,11,2.93893) (4.75528,10.5,1.54508) 
(6.6574,10.5,2.16312) (6.6574,12.5,2.16312) (5.66312,13,4.1145) 
(5.66312,13,4.1145) (5.66312,11,4.1145) (6.6574,10.5,2.16312) 
(6.6574,12.5,2.16312) (4.75528,12.5,1.54508) (4.04508,13,2.93893) 
(4.04508,13,2.93893) (5.66312,13,4.1145) (6.6574,12.5,2.16312) 
(4.75528,12.5,1.54508) (4.75528,10.5,1.54508) (4.04508,11,2.93893) 
(4.04508,11,2.93893) (4.04508,13,2.93893) (4.75528,12.5,1.54508) 
(4.04508,11,2.93893) (5.66312,11,4.1145) (4.1145,11.5,5.66312) 
(4.1145,11.5,5.66312) (2.93893,11.5,4.04508) (4.04508,11,2.93893) 
(5.66312,11,4.1145) (5.66312,13,4.1145) (4.1145,13.5,5.66312) 
(4.1145,13.5,5.66312) (4.1145,11.5,5.66312) (5.66312,11,4.1145) 
(5.66312,13,4.1145) (4.04508,13,2.93893) (2.93893,13.5,4.04508) 
(2.93893,13.5,4.04508) (4.1145,13.5,5.66312) (5.66312,13,4.1145) 
(4.04508,13,2.93893) (4.04508,11,2.93893) (2.93893,11.5,4.04508) 
(2.93893,11.5,4.04508) (2.93893,13.5,4.04508) (4.04508,13,2.93893) 
(2.93893,11.5,4.04508) (4.1145,11.5,5.66312) (2.16312,12,6.6574) 
(2.16312,12,6.6574) (1.54508,12,4.75528) (2.93893,11.5,4.04508) 
(4.1145,11.5,5.66312) (4.1145,13.5,5.66312) (2.16312,14,6.6574) 
(2.16312,14,6.6574) (2.16312,12,6.6574) (4.1145,11.5,5.66312) 
(4.1145,13.5,5.66312) (2.93893,13.5,4.04508) (1.54508,14,4.75528) 
(1.54508,14,4.75528) (2.16312,14,6.6574) (4.1145,13.5,5.66312) 
(2.93893,13.5,4.04508) (2.93893,11.5,4.04508) (1.54508,12,4.75528) 
(1.54508,12,4.75528) (1.54508,14,4.75528) (2.93893,13.5,4.04508) 
(1.54508,12,4.75528) (2.16312,12,6.6574) (2.14306e-15,12.5,7) 
(2.14306e-15,12.5,7) (1.53076e-15,12.5,5) (1.54508,12,4.75528) 
(2.16312,12,6.6574) (2.16312,14,6.6574) (2.14306e-15,14.5,7) 
(2.14306e-15,14.5,7) (2.14306e-15,12.5,7) (2.16312,12,6.6574) 
(2.16312,14,6.6574) (1.54508,14,4.75528) (1.53076e-15,14.5,5) 
(1.53076e-15,14.5,5) (2.14306e-15,14.5,7) (2.16312,14,6.6574) 
(1.54508,14,4.75528) (1.54508,12,4.75528) (1.53076e-15,12.5,5) 
(1.53076e-15,12.5,5) (1.53076e-15,14.5,5) (1.54508,14,4.75528) 
(1.53076e-15,12.5,5) (2.14306e-15,12.5,7) (-2.16312,13,6.6574) 
(-2.16312,13,6.6574) (-1.54508,13,4.75528) (1.53076e-15,12.5,5) 
(2.14306e-15,12.5,7) (2.14306e-15,14.5,7) (-2.16312,15,6.6574) 
(-2.16312,15,6.6574) (-2.16312,13,6.6574) (2.14306e-15,12.5,7) 
(2.14306e-15,14.5,7) (1.53076e-15,14.5,5) (-1.54508,15,4.75528) 
(-1.54508,15,4.75528) (-2.16312,15,6.6574) (2.14306e-15,14.5,7) 
(1.53076e-15,14.5,5) (1.53076e-15,12.5,5) (-1.54508,13,4.75528) 
(-1.54508,13,4.75528) (-1.54508,15,4.75528) (1.53076e-15,14.5,5) 
(-1.54508,13,4.75528) (-2.16312,13,6.6574) (-4.1145,13.5,5.66312) 
(-4.1145,13.5,5.66312) (-2.93893,13.5,4.04508) (-1.54508,13,4.75528) 
(-2.16312,13,6.6574) (-2.16312,15,6.6574) (-4.1145,15.5,5.66312) 
(-4.1145,15.5,5.66312) (-4.1145,13.5,5.66312) (-2.16312,13,6.6574) 
(-2.16312,15,6.6574) (-1.54508,15,4.75528) (-2.93893,15.5,4.04508) 
(-2.93893,15.5,4.04508) (-4.1145,15.5,5.66312) (-2.16312,15,6.6574) 
(-1.54508,15,4.75528) (-1.54508,13,4.75528) (-2.93893,13.5,4.04508) 
(-2.93893,13.5,4.04508) (-2.93893,15.5,4.04508) (-1.54508,15,4.75528) 
(-2.93893,13.5,4.04508) (-4.1145,13.5,5.66312) (-5.66312,14,4.1145) 
(-5.66312,14,4.1145) (-4.04508,14,2.93893) (-2.93893,13.5,4.04508) 
(-4.1145,13.5,5.66312) (-4.1145,15.5,5.66312) (-5.66312,16,4.1145) 
(-5.66312,16,4.1145) (-5.66312,14,4.1145) (-4.1145,13.5,5.66312) 
(-4.1145,15.5,5.66312) (-2.93893,15.5,4.04508) (-4.04508,16,2.93893) 
(-4.04508,16,2.93893) (-5.66312,16,4.1145) (-4.1145,15.5,5.66312) 
(-2.93893,15.5,4.04508) (-2.93893,13.5,4.04508) (-4.04508,14,2.93893) 
(-4.04508,14,2.93893) (-4.04508,16,2.93893) (-2.93893,15.5,4.04508) 
(-4.04508,14,2.93893) (-5.66312,14,4.1145) (-6.6574,14.5,2.16312) 
(-6.6574,14.5,2.16312) (-4.75528,14.5,1.54508) (-4.04508,14,2.93893) 
(-5.66312,14,4.1145) (-5.66312,16,4.1145) (-6.6574,16.5,2.16312) 
(-6.6574,16.5,2.16312) (-6.6574,14.5,2.16312) (-5.66312,14,4.1145) 
(-5.66312,16,4.1145) (-4.04508,16,2.93893) (-4.75528,16.5,1.54508) 
(-4.75528,16.5,1.54508) (-6.6574,16.5,2.16312) (-5.66312,16,4.1145) 
(-4.04508,16,2.93893) (-4.04508,14,2.93893) (-4.75528,14.5,1.54508) 
(-4.75528,14.5,1.54508) (-4.75528,16.5,1.54508) (-4.04508,16,2.93893) 
(-4.75528,14.5,1.54508) (-6.6574,14.5,2.16312) (-7,15,2.57167e-15) 
(-7,15,2.57167e-15) (-5,15,1.83691e-15) (-4.75528,14.5,1.54508) 
(-6.6574,14.5,2.16312) (-6.6574,16.5,2.16312) (-7,17,2.57167e-15) 
(-7,17,2.57167e-15) (-7,15,2.57167e-15) (-6.6574,14.5,2.16312) 
(-6.6574,16.5,2.16312) (-4.75528,16.5,1.54508) (-5,17,1.83691e-15) 
(-5,17,1.83691e-15) (-7,17,2.57167e-15) (-6.6574,16.5,2.16312) 
(-4.75528,16.5,1.54508) (-4.75528,14.5,1.54508) (-5,15,1.83691e-15) 
(-5,15,1.83691e-15) (-5,17,1.83691e-15) (-4.75528,16.5,1.54508) 
(-5,15,1.83691e-15) (-7,15,2.57167e-15) (-6.6574,15.5,-2.16312) 
(-6.6574,15.5,-2.16312) (-4.75528,15.5,-1.54508) (-5,15,1.83691e-15) 
(-7,15,2.57167e-15) (-7,17,2.57167e-15) (-6.6574,17.5,-2.16312) 
(-6.6574,17.5,-2.16312) (-6.6574,15.5,-2.16312) (-7,15,2.57167e-15) 
(-7,17,2.57167e-15) (-5,17,1.83691e-15) (-4.75528,17.5,-1.54508) 
(-4.75528,17.5,-1.54508) (-6.6574,17.5,-2.16312) (-7,17,2.57167e-15) 
(-5,17,1.83691e-15) (-5,15,1.83691e-15) (-4.75528,15.5,-1.54508) 
(-4.75528,15.5,-1.54508) (-4.75528,17.5,-1.54508) (-5,17,1.83691e-15) 
(-4.75528,15.5,-1.54508) (-6.6574,15.5,-2.16312) (-5.66312,16,-4.1145) 
(-5.66312,16,-4.1145) (-4.04508,16,-2.93893) (-4.75528,15.5,-1.54508) 
(-6.6574,15.5,-2.16312) (-6.6574,17.5,-2.16312) (-5.66312,18,-4.1145) 
(-5.66312,18,-4.1145) (-5.66312,16,-4.1145) (-6.6574,15.5,-2.16312) 
(-6.6574,17.5,-2.16312) (-4.75528,17.5,-1.54508) (-4.04508,18,-2.93893) 
(-4.04508,18,-2.93893) (-5.66312,18,-4.1145) (-6.6574,17.5,-2.16312) 
(-4.75528,17.5,-1.54508) (-4.75528,15.5,-1.54508) (-4.04508,16,-2.93893) 
(-4.04508,16,-2.93893) (-4.04508,18,-2.93893) (-4.75528,17.5,-1.54508) 
(-4.04508,16,-2.93893) (-5.66312,16,-4.1145) (-4.1145,16.5,-5.66312) 
(-4.1145,16.5,-5.66312) (-2.93893,16.5,-4.04508) (-4.04508,16,-2.93893) 
(-5.66312,16,-4.1145) (-5.66312,18,-4.1145) (-4.1145,18.5,-5.66312) 
(-4.1145,18.5,-5.66312) (-4.1145,16.5,-5.66312) (-5.66312,16,-4.1145) 
(-5.66312,18,-4.1145) (-4.04508,18,-2.93893) (-2.93893,18.5,-4.04508) 
(-2.93893,18.5,-4.04508) (-4.1145,18.5,-5.66312) (-5.66312,18,-4.1145) 
(-4.04508,18,-2.93893) (-4.04508,16,-2.93893) (-2.93893,16.5,-4.04508) 
(-2.93893,16.5,-4.04508) (-2.93893,18.5,-4.04508) (-4.04508,18,-2.93893) 
(-2.93893,16.5,-4.04508) (-4.1145,16.5,-5.66312) (-2.16312,17,-6.6574) 
(-2.16312,17,-6.6574) (-1.54508,17,-4.75528) (-2.93893,16.5,-4.04508) 
(-4.1145,16.5,-5.66312) (-4.1145,18.5,-5.66312) (-2.16312,19,-6.6574) 
(-2.16312,19,-6.6574) (-2.16312,17,-6.6574) (-4.1145,16.5,-5.66312) 
(-4.1145,18.5,-5.66312) (-2.93893,18.5,-4.04508) (-1.54508,19,-4.75528) 
(-1.54508,19,-4.75528) (-2.16312,19,-6.6574) (-4.1145,18.5,-5.66312) 
(-2.93893,18.5,-4.04508) (-2.93893,16.5,-4.04508) (-1.54508,17,-4.75528) 
(-1.54508,17,-4.75528) (-1.54508,19,-4.75528) (-2.93893,18.5,-4.04508) 
(-1.54508,17,-4.75528) (-2.16312,17,-6.6574) (-3.00029e-15,17.5,-7) 
(-3.00029e-15,17.5,-7) (-2.14306e-15,17.5,-5) (-1.54508,17,-4.75528) 
(-2.16312,17,-6.6574) (-2.16312,19,-6.6574) (-3.00029e-15,19.5,-7) 
(-3.00029e-15,19.5,-7) (-3.00029e-15,17.5,-7) (-2.16312,17,-6.6574) 
(-2.16312,19,-6.6574) (-1.54508,19,-4.75528) (-2.14306e-15,19.5,-5) 
(-2.14306e-15,19.5,-5) (-3.00029e-15,19.5,-7) (-2.16312,19,-6.6574) 
(-1.54508,19,-4.75528) (-1.54508,17,-4.75528) (-2.14306e-15,17.5,-5) 
(-2.14306e-15,17.5,-5) (-2.14306e-15,19.5,-5) (-1.54508,19,-4.75528) 
(-2.14306e-15,17.5,-5) (-3.00029e-15,17.5,-7) (2.16312,18,-6.6574) 
(2.16312,18,-6.6574) (1.54508,18,-4.75528) (-2.14306e-15,17.5,-5) 
(-3.00029e-15,17.5,-7) (-3.00029e-15,19.5,-7) (2.16312,20,-6.6574) 
(2.16312,20,-6.6574) (2.16312,18,-6.6574) (-3.00029e-15,17.5,-7) 
(-3.00029e-15,19.5,-7) (-2.14306e-15,19.5,-5) (1.54508,20,-4.75528) 
(1.54508,20,-4.75528) (2.16312,20,-6.6574) (-3.00029e-15,19.5,-7) 
(-2.14306e-15,19.5,-5) (-2.14306e-15,17.5,-5) (1.54508,18,-4.75528) 
(1.54508,18,-4.75528) (1.54508,20,-4.75528) (-2.14306e-15,19.5,-5) 
(1.54508,18,-4.75528) (2.16312,18,-6.6574) (4.1145,18.5,-5.66312) 
(4.1145,18.5,-5.66312) (2.93893,18.5,-4.04508) (1.54508,18,-4.75528) 
(2.16312,18,-6.6574) (2.16312,20,-6.6574) (4.1145,20.5,-5.66312) 
(4.1145,20.5,-5.66312) (4.1145,18.5,-5.66312) (2.16312,18,-6.6574) 
(2.16312,20,-6.6574) (1.54508,20,-4.75528) (2.93893,20.5,-4.04508) 
(2.93893,20.5,-4.04508) (4.1145,20.5,-5.66312) (2.16312,20,-6.6574) 
(1.54508,20,-4.75528) (1.54508,18,-4.75528) (2.93893,18.5,-4.04508) 
(2.93893,18.5,-4.04508) (2.93893,20.5,-4.04508) (1.54508,20,-4.75528) 
(2.93893,18.5,-4.04508) (4.1145,18.5,-5.66312) (5.66312,19,-4.1145) 
(5.66312,19,-4.1145) (4.04508,19,-2.93893) (2.93893,18.5,-4.04508) 
(4.1145,18.5,-5.66312) (4.1145,20.5,-5.66312) (5.66312,21,-4.1145) 
(5.66312,21,-4.1145) (5.66312,19,-4.1145) (4.1145,18.5,-5.66312) 
(4.1145,20.5,-5.66312) (2.93893,20.5,-4.04508) (4.04508,21,-2.93893) 
(4.04508,21,-2.93893) (5.66312,21,-4.1145) (4.1145,20.5,-5.66312) 
(2.93893,20.5,-4.04508) (2.93893,18.5,-4.04508) (4.04508,19,-2.93893) 
(4.04508,19,-2.93893) (4.04508,21,-2.93893) (2.93893,20.5,-4.04508) 
(4.04508,19,-2.93893) (5.66312,19,-4.1145) (6.6574,19.5,-2.16312) 
(6.6574,19.5,-2.16312) (4.75528,19.5,-1.54508) (4.04508,19,-2.93893) 
(5.66312,19,-4.1145) (5.66312,21,-4.1145) (6.6574,21.5,-2.16312) 
(6.6574,21.5,-2.16312) (6.6574,19.5,-2.16312) (5.66312,19,-4.1145) 
(5.66312,21,-4.1145) (4.04508,21,-2.93893) (4.75528,21.5,-1.54508) 
(4.75528,21.5,-1.54508) (6.6574,21.5,-2.16312) (5.66312,21,-4.1145) 
(4.04508,21,-2.93893) (4.04508,19,-2.93893) (4.75528,19.5,-1.54508) 
(4.75528,19.5,-1.54508) (4.75528,21.5,-1.54508) (4.04508,21,-2.93893) 
(4.75528,19.5,-1.54508) (6.6574,19.5,-2.16312) (7,20,-3.4289e-15) 
(7,20,-3.4289e-15) (5,20,-2.44921e-15) (4.75528,19.5,-1.54508) 
(6.6574,19.5,-2.16312) (6.6574,21.5,-2.16312) (7,22,-3.4289e-15) 
(7,22,-3.4289e-15) (7,20,-3.4289e-15) (6.6574,19.5,-2.16312) 
(6.6574,21.5,-2.16312) (4.75528,21.5,-1.54508) (5,22,-2.44921e-15) 
(5,22,-2.44921e-15) (7,22,-3.4289e-15) (6.6574,21.5,-2.16312) 
(4.75528,21.5,-1.54508) (4.75528,19.5,-1.54508) (5,20,-2.44921e-15) 
(5,20,-2.44921e-15) (5,22,-2.44921e-15) (4.75528,21.5,-1.54508) 
(5,20,-2.44921e-15) (7,20,-3.4289e-15) (6.6574,20.5,2.16312) 
(6.6574,20.5,2.16312) (4.75528,20.5,1.54508) (5,20,-2.44921e-15) 
(7,20,-3.4289e-15) (7,22,-3.4289e-15) (6.6574,22.5,2.16312) 
(6.6574,22.5,2.16312) (6.6574,20.5,2.16312) (7,20,-3.4289e-15) 
(7,22,-3.4289e-15) (5,22,-2.44921e-15) (4.75528,22.5,1.54508) 
(4.75528,22.5,1.54508) (6.6574,22.5,2.16312) (7,22,-3.4289e-15) 
(5,22,-2.44921e-15) (5,20,-2.44921e-15) (4.75528,20.5,1.54508) 
(4.75528,20.5,1.54508) (4.75528,22.5,1.54508) (5,22,-2.44921e-15) 
(4.75528,20.5,1.54508) (6.6574,20.5,2.16312) (5.66312,21,4.1145) 
(5.66312,21,4.1145) (4.04508,21,2.93893) (4.75528,20.5,1.54508) 
(6.6574,20.5,2.16312) (6.6574,22.5,2.16312) (5.66312,23,4.1145) 
(5.66312,23,4.1145) (5.66312,21,4.1145) (6.6574,20.5,2.16312) 
(6.6574,22.5,2.16312) (4.75528,22.5,1.54508) (4.04508,23,2.93893) 
(4.04508,23,2.93893) (5.66312,23,4.1145) (6.6574,22.5,2.16312) 
(4.75528,22.5,1.54508) (4.75528,20.5,1.54508) (4.04508,21,2.93893) 
(4.04508,21,2.93893) (4.04508,23,2.93893) (4.75528,22.5,1.54508) 
(4.04508,21,2.93893) (5.66312,21,4.1145) (4.1145,21.5,5.66312) 
(4.1145,21.5,5.66312) (2.93893,21.5,4.04508) (4.04508,21,2.93893) 
(5.66312,21,4.1145) (5.66312,23,4.1145) (4.1145,23.5,5.66312) 
(4.1145,23.5,5.66312) (4.1145,21.5,5.66312) (5.66312,21,4.1145) 
(5.66312,23,4.1145) (4.04508,23,2.93893) (2.93893,23.5,4.04508) 
(2.93893,23.5,4.04508) (4.1145,23.5,5.66312) (5.66312,23,4.1145) 
(4.04508,23,2.93893) (4.04508,21,2.93893) (2.93893,21.5,4.04508) 
(2.93893,21.5,4.04508) (2.93893,23.5,4.04508) (4.04508,23,2.93893) 
(2.93893,21.5,4.04508) (4.1145,21.5,5.66312) (2.16312,22,6.6574) 
(2.16312,22,6.6574) (1.54508,22,4.75528) (2.93893,21.5,4.04508) 
(4.1145,21.5,5.66312) (4.1145,23.5,5.66312) (2.16312,24,6.6574) 
(2.16312,24,6.6574) (2.16312,22,6.6574) (4.1145,21.5,5.66312) 
(4.1145,23.5,5.66312) (2.93893,23.5,4.04508) (1.54508,24,4.75528) 
(1.54508,24,4.75528) (2.16312,24,6.6574) (4.1145,23.5,5.66312) 
(2.93893,23.5,4.04508) (2.93893,21.5,4.04508) (1.54508,22,4.75528) 
(1.54508,22,4.75528) (1.54508,24,4.75528) (2.93893,23.5,4.04508) 
(1.54508,22,4.75528) (2.16312,22,6.6574) (3.85751e-15,22.5,7) 
(3.85751e-15,22.5,7) (2.75536e-15,22.5,5) (1.54508,22,4.75528) 
(2.16312,22,6.6574) (2.16312,24,6.6574) (3.85751e-15,24.5,7) 
(3.85751e-15,24.5,7) (3.85751e-15,22.5,7) (2.16312,22,6.6574) 
(2.16312,24,6.6574) (1.54508,24,4.75528) (2.75536e-15,24.5,5) 
(2.75536e-15,24.5,5) (3.85751e-15,24.5,7) (2.16312,24,6.6574) 
(1.54508,24,4.75528) (1.54508,22,4.75528) (2.75536e-15,22.5,5) 
(2.75536e-15,22.5,5) (2.75536e-15,24.5,5) (1.54508,24,4.75528) 
(2.75536e-15,22.5,5) (3.85751e-15,22.5,7) (-2.16312,23,6.6574) 
(-2.16312,23,6.6574) (-1.54508,23,4.75528) (2.75536e-15,22.5,5) 
(3.85751e-15,22.5,7) (3.85751e-15,24.5,7) (-2.16312,25,6.6574) 
(-2.16312,25,6.6574) (-2.16312,23,6.6574) (3.85751e-15,22.5,7) 
(3.85751e-15,24.5,7) (2.75536e-15,24.5,5) (-1.54508,25,4.75528) 
(-1.54508,25,4.75528) (-2.16312,25,6.6574) (3.85751e-15,24.5,7) 
(2.75536e-15,24.5,5) (2.75536e-15,22.5,5) (-1.54508,23,4.75528) 
(-1.54508,23,4.75528) (-1.54508,25,4.75528) (2.75536e-15,24.5,5) 
(-1.54508,23,4.75528) (-2.16312,23,6.6574) (-4.1145,23.5,5.66312) 
(-4.1145,23.5,5.66312) (-2.93893,23.5,4.04508) (-1.54508,23,4.75528) 
(-2.16312,23,6.6574) (-2.16312,25,6.6574) (-4.1145,25.5,5.66312) 
(-4.1145,25.5,5.66312) (-4.1145,23.5,5.66312) (-2.16312,23,6.6574) 
(-2.16312,25,6.6574) (-1.54508,25,4.75528) (-2.93893,25.5,4.04508) 
(-2.93893,25.5,4.04508) (-4.1145,25.5,5.66312) (-2.16312,25,6.6574) 
(-1.54508,25,4.75528) (-1.54508,23,4.75528) (-2.93893,23.5,4.04508) 
(-2.93893,23.5,4.04508) (-2.93893,25.5,4.04508) (-1.54508,25,4.75528) 
(-2.93893,23.5,4.04508) (-4.1145,23.5,5.66312) (-5.66312,24,4.1145) 
(-5.66312,24,4.1145) (-4.04508,24,2.93893) (-2.93893,23.5,4.04508) 
(-4.1145,23.5,5.66312) (-4.1145,25.5,5.66312) (-5.66312,26,4.1145) 
(-5.66312,26,4.1145) (-5.66312,24,4.1145) (-4.1145,23.5,5.66312) 
(-4.1145,25.5,5.66312) (-2.93893,25.5,4.04508) (-4.04508,26,2.93893) 
(-4.04508,26,2.93893) (-5.66312,26,4.1145) (-4.1145,25.5,5.66312) 
(-2.93893,25.5,4.04508) (-2.93893,23.5,4.04508) (-4.04508,24,2.93893) 
(-4.04508,24,2.93893) (-4.04508,26,2.93893) (-2.93893,25.5,4.04508) 
(-4.04508,24,2.93893) (-5.66312,24,4.1145) (-6.6574,24.5,2.16312) 
(-6.6574,24.5,2.16312) (-4.75528,24.5,1.54508) (-4.04508,24,2.93893) 
(-5.66312,24,4.1145) (-5.66312,26,4.1145) (-6.6574,26.5,2.16312) 
(-6.6574,26.5,2.16312) (-6.6574,24.5,2.16312) (-5.66312,24,4.1145) 
(-5.66312,26,4.1145) (-4.04508,26,2.93893) (-4.75528,26.5,1.54508) 
(-4.75528,26.5,1.54508) (-6.6574,26.5,2.16312) (-5.66312,26,4.1145) 
(-4.04508,26,2.93893) (-4.04508,24,2.93893) (-4.75528,24.5,1.54508) 
(-4.75528,24.5,1.54508) (-4.75528,26.5,1.54508) (-4.04508,26,2.93893) 
(-4.75528,24.5,1.54508) (-6.6574,24.5,2.16312) (-7,25,4.28612e-15) 
(-7,25,4.28612e-15) (-5,25,3.06152e-15) (-4.75528,24.5,1.54508) 
(-6.6574,24.5,2.16312) (-6.6574,26.5,2.16312) (-7,27,4.28612e-15) 
(-7,27,4.28612e-15) (-7,25,4.28612e-15) (-6.6574,24.5,2.16312) 
(-6.6574,26.5,2.16312) (-4.75528,26.5,1.54508) (-5,27,3.06152e-15) 
(-5,27,3.06152e-15) (-7,27,4.28612e-15) (-6.6574,26.5,2.16312) 
(-4.75528,26.5,1.54508) (-4.75528,24.5,1.54508) (-5,25,3.06152e-15) 
(-5,25,3.06152e-15) (-5,27,3.06152e-15) (-4.75528,26.5,1.54508) 
(-5,25,3.06152e-15) (-7,25,4.28612e-15) (-6.6574,25.5,-2.16312) 
(-6.6574,25.5,-2.16312) (-4.75528,25.5,-1.54508) (-5,25,3.06152e-15) 
(-7,25,4.28612e-15) (-7,27,4.28612e-15) (-6.6574,27.5,-2.16312) 
(-6.6574,27.5,-2.16312) (-6.6574,25.5,-2.16312) (-7,25,4.28612e-15) 
(-7,27,4.28612e-15) (-5,27,3.06152e-15) (-4.75528,27.5,-1.54508) 
(-4.75528,27.5,-1.54508) (-6.6574,27.5,-2.16312) (-7,27,4.28612e-15) 
(-5,27,3.06152e-15) (-5,25,3.06152e-15) (-4.75528,25.5,-1.54508) 
(-4.75528,25.5,-1.54508) (-4.75528,27.5,-1.54508) (-5,27,3.06152e-15) 
(-4.75528,25.5,-1.54508) (-6.6574,25.5,-2.16312) (-5.66312,26,-4.1145) 
(-5.66312,26,-4.1145) (-4.04508,26,-2.93893) (-4.75528,25.5,-1.54508) 
(-6.6574,25.5,-2.16312) (-6.6574,27.5,-2.16312) (-5.66312,28,-4.1145) 
(-5.66312,28,-4.1145) (-5.66312,26,-4.1145) (-6.6574,25.5,-2.16312) 
(-6.6574,27.5,-2.16312) (-4.75528,27.5,-1.54508) (-4.04508,28,-2.93893) 
(-4.04508,28,-2.93893) (-5.66312,28,-4.1145) (-6.6574,27.5,-2.16312) 
(-4.75528,27.5,-1.54508) (-4.75528,25.5,-1.54508) (-4.04508,26,-2.93893) 
(-4.04508,26,-2.93893) (-4.04508,28,-2.93893) (-4.75528,27.5,-1.54508) 
(-4.04508,26,-2.93893) (-5.66312,26,-4.1145) (-4.1145,26.5,-5.66312) 
(-4.1145,26.5,-5.66312) (-2.93893,26.5,-4.04508) (-4.04508,26,-2.93893) 
(-5.66312,26,-4.1145) (-5.66312,28,-4.1145) (-4.1145,28.5,-5.66312) 
(-4.1145,28.5,-5.66312) (-4.1145,26.5,-5.66312) (-5.66312,26,-4.1145) 
(-5.66312,28,-4.1145) (-4.04508,28,-2.93893) (-2.93893,28.5,-4.04508) 
(-2.93893,28.5,-4.04508) (-4.1145,28.5,-5.66312) (-5.66312,28,-4.1145) 
(-4.04508,28,-2.93893) (-4.04508,26,-2.93893) (-2.93893,26.5,-4.04508) 
(-2.93893,26.5,-4.04508) (-2.93893,28.5,-4.04508) (-4.04508,28,-2.93893) 
(-2.93893,26.5,-4.04508) (-4.1145,26.5,-5.66312) (-2.16312,27,-6.6574) 
(-2.16312,27,-6.6574) (-1.54508,27,-4.75528) (-2.93893,26.5,-4.04508) 
(-4.1145,26.5,-5.66312) (-4.1145,28.5,-5.66312) (-2.16312,29,-6.6574) 
(-2.16312,29,-6.6574) (-2.16312,27,-6.6574) (-4.1145,26.5,-5.66312) 
(-4.1145,28.5,-5.66312) (-2.93893,28.5,-4.04508) (-1.54508,29,-4.75528) 
(-1.54508,29,-4.75528) (-2.16312,29,-6.6574) (-4.1145,28.5,-5.66312) 
(-2.93893,28.5,-4.04508) (-2.93893,26.5,-4.04508) (-1.54508,27,-4.75528) 
(-1.54508,27,-4.75528) (-1.54508,29,-4.75528) (-2.93893,28.5,-4.04508) 
(-1.54508,27,-4.75528) (-2.16312,27,-6.6574) (-1.71492e-14,27.5,-7) 
(-1.71492e-14,27.5,-7) (-1.22495e-14,27.5,-5) (-1.54508,27,-4.75528) 
(-2.16312,27,-6.6574) (-2.16312,29,-6.6574) (-1.71492e-14,29.5,-7) 
(-1.71492e-14,29.5,-7) (-1.71492e-14,27.5,-7) (-2.16312,27,-6.6574) 
(-2.16312,29,-6.6574) (-1.54508,29,-4.75528) (-1.22495e-14,29.5,-5) 
(-1.22495e-14,29.5,-5) (-1.71492e-14,29.5,-7) (-2.16312,29,-6.6574) 
(-1.54508,29,-4.75528) (-1.54508,27,-4.75528) (-1.22495e-14,27.5,-5) 
(-1.22495e-14,27.5,-5) (-1.22495e-14,29.5,-5) (-1.54508,29,-4.75528) 
(-1.22495e-14,27.5,-5) (-1.71492e-14,27.5,-7) (2.16312,28,-6.6574) 
(2.16312,28,-6.6574) (1.54508,28,-4.75528) (-1.22495e-14,27.5,-5) 
(-1.71492e-14,27.5,-7) (-1.71492e-14,29.5,-7) (2.16312,30,-6.6574) 
(2.16312,30,-6.6574) (2.16312,28,-6.6574) (-1.71492e-14,27.5,-7) 
(-1.71492e-14,29.5,-7) (-1.22495e-14,29.5,-5) (1.54508,30,-4.75528) 
(1.54508,30,-4.75528) (2.16312,30,-6.6574) (-1.71492e-14,29.5,-7) 
(-1.22495e-14,29.5,-5) (-1.22495e-14,27.5,-5) (1.54508,28,-4.75528) 
(1.54508,28,-4.75528) (1.54508,30,-4.75528) (-1.22495e-14,29.5,-5) 
(1.54508,28,-4.75528) (2.16312,28,-6.6574) (4.1145,28.5,-5.66312) 
(4.1145,28.5,-5.66312) (2.93893,28.5,-4.04508) (1.54508,28,-4.75528) 
(2.16312,28,-6.6574) (2.16312,30,-6.6574) (4.1145,30.5,-5.66312) 
(4.1145,30.5,-5.66312) (4.1145,28.5,-5.66312) (2.16312,28,-6.6574) 
(2.16312,30,-6.6574) (1.54508,30,-4.75528) (2.93893,30.5,-4.04508) 
(2.93893,30.5,-4.04508) (4.1145,30.5,-5.66312) (2.16312,30,-6.6574) 
(1.54508,30,-4.75528) (1.54508,28,-4.75528) (2.93893,28.5,-4.04508) 
(2.93893,28.5,-4.04508) (2.93893,30.5,-4.04508) (1.54508,30,-4.75528) 
(2.93893,28.5,-4.04508) (4.1145,28.5,-5.66312) (5.66312,29,-4.1145) 
(5.66312,29,-4.1145) (4.04508,29,-2.93893) (2.93893,28.5,-4.04508) 
(4.1145,28.5,-5.66312) (4.1145,30.5,-5.66312) (5.66312,31,-4.1145) 
(5.66312,31,-4.1145) (5.66312,29,-4.1145) (4.1145,28.5,-5.66312) 
(4.1145,30.5,-5.66312) (2.93893,30.5,-4.04508) (4.04508,31,-2.93893) 
(4.04508,31,-2.93893) (5.66312,31,-4.1145) (4.1145,30.5,-5.66312) 
(2.93893,30.5,-4.04508) (2.93893,28.5,-4.04508) (4.04508,29,-2.93893) 
(4.04508,29,-2.93893) (4.04508,31,-2.93893) (2.93893,30.5,-4.04508) 
(4.04508,29,-2.93893) (5.66312,29,-4.1145) (6.6574,29.5,-2.16312) 
(6.6574,29.5,-2.16312) (4.75528,29.5,-1.54508) (4.04508,29,-2.93893) 
(5.66312,29,-4.1145) (5.66312,31,-4.1145) (6.6574,31.5,-2.16312) 
(6.6574,31.5,-2.16312) (6.6574,29.5,-2.16312) (5.66312,29,-4.1145) 
(5.66312,31,-4.1145) (4.04508,31,-2.93893) (4.75528,31.5,-1.54508) 
(4.75528,31.5,-1.54508) (6.6574,31.5,-2.16312) (5.66312,31,-4.1145) 
(4.04508,31,-2.93893) (4.04508,29,-2.93893) (4.75528,29.5,-1.54508) 
(4.75528,29.5,-1.54508) (4.75528,31.5,-1.54508) (4.04508,31,-2.93893) 
(4.75528,29.5,-1.54508) (6.6574,29.5,-2.16312) (7,30,-5.14335e-15) 
(7,30,-5.14335e-15) (5,30,-3.67382e-15) (4.75528,29.5,-1.54508) 
(6.6574,29.5,-2.16312) (6.6574,31.5,-2.16312) (7,32,-5.14335e-15) 
(7,32,-5.14335e-15) (7,30,-5.14335e-15) (6.6574,29.5,-2.16312) 
(6.6574,31.5,-2.16312) (4.75528,31.5,-1.54508) (5,32,-3.67382e-15) 
(5,32,-3.67382e-15) (7,32,-5.14335e-15) (6.6574,31.5,-2.16312) 
(4.75528,31.5,-1.54508) (4.75528,29.5,-1.54508) (5,30,-3.67382e-15) 
(5,30,-3.67382e-15) (5,32,-3.67382e-15) (4.75528,31.5,-1.54508) 
(5,30,-3.67382e-15) (7,30,-5.14335e-15) (6.6574,30.5,2.16312) 
(6.6574,30.5,2.16312) (4.75528,30.5,1.54508) (5,30,-3.67382e-15) 
(7,30,-5.14335e-15) (7,32,-5.14335e-15) (6.6574,32.5,2.16312) 
(6.6574,32.5,2.16312) (6.6574,30.5,2.16312) (7,30,-5.14335e-15) 
(7,32,-5.14335e-15) (5,32,-3.67382e-15) (4.75528,32.5,1.54508) 
(4.75528,32.5,1.54508) (6.6574,32.5,2.16312) (7,32,-5.14335e-15) 
(5,32,-3.67382e-15) (5,30,-3.67382e-15) (4.75528,30.5,1.54508) 
(4.75528,30.5,1.54508) (4.75528,32.5,1.54508) (5,32,-3.67382e-15) 
(4.75528,30.5,1.54508) (6.6574,30.5,2.16312) (5.66312,31,4.1145) 
(5.66312,31,4.1145) (4.04508,31,2.93893) (4.75528,30.5,1.54508) 
(6.6574,30.5,2.16312) (6.6574,32.5,2.16312) (5.66312,33,4.1145) 
(5.66312,33,4.1145) (5.66312,31,4.1145) (6.6574,30.5,2.16312) 
(6.6574,32.5,2.16312) (4.75528,32.5,1.54508) (4.04508,33,2.93893) 
(4.04508,33,2.93893) (5.66312,33,4.1145) (6.6574,32.5,2.16312) 
(4.75528,32.5,1.54508) (4.75528,30.5,1.54508) (4.04508,31,2.93893) 
(4.04508,31,2.93893) (4.04508,33,2.93893) (4.75528,32.5,1.54508) 
(4.04508,31,2.93893) (5.66312,31,4.1145) (4.1145,31.5,5.66312) 
(4.1145,31.5,5.66312) (2.93893,31.5,4.04508) (4.04508,31,2.93893) 
(5.66312,31,4.1145) (5.66312,33,4.1145) (4.1145,33.5,5.66312) 
(4.1145,33.5,5.66312) (4.1145,31.5,5.66312) (5.66312,31,4.1145) 
(5.66312,33,4.1145) (4.04508,33,2.93893) (2.93893,33.5,4.04508) 
(2.93893,33.5,4.04508) (4.1145,33.5,5.66312) (5.66312,33,4.1145) 
(4.04508,33,2.93893) (4.04508,31,2.93893) (2.93893,31.5,4.04508) 
(2.93893,31.5,4.04508) (2.93893,33.5,4.04508) (4.04508,33,2.93893) 
(2.93893,31.5,4.04508) (4.1145,31.5,5.66312) (2.16312,32,6.6574) 
(2.16312,32,6.6574) (1.54508,32,4.75528) (2.93893,31.5,4.04508) 
(4.1145,31.5,5.66312) (4.1145,33.5,5.66312) (2.16312,34,6.6574) 
(2.16312,34,6.6574) (2.16312,32,6.6574) (4.1145,31.5,5.66312) 
(4.1145,33.5,5.66312) (2.93893,33.5,4.04508) (1.54508,34,4.75528) 
(1.54508,34,4.75528) (2.16312,34,6.6574) (4.1145,33.5,5.66312) 
(2.93893,33.5,4.04508) (2.93893,31.5,4.04508) (1.54508,32,4.75528) 
(1.54508,32,4.75528) (1.54508,34,4.75528) (2.93893,33.5,4.04508) 
(1.54508,32,4.75528) (2.16312,32,6.6574) (-6.86254e-15,32.5,7) 
(-6.86254e-15,32.5,7) (-4.90181e-15,32.5,5) (1.54508,32,4.75528) 
(2.16312,32,6.6574) (2.16312,34,6.6574) (-6.86254e-15,34.5,7) 
(-6.86254e-15,34.5,7) (-6.86254e-15,32.5,7) (2.16312,32,6.6574) 
(2.16312,34,6.6574) (1.54508,34,4.75528) (-4.90181e-15,34.5,5) 
(-4.90181e-15,34.5,5) (-6.86254e-15,34.5,7) (2.16312,34,6.6574) 
(1.54508,34,4.75528) (1.54508,32,4.75528) (-4.90181e-15,32.5,5) 
(-4.90181e-15,32.5,5) (-4.90181e-15,34.5,5) (1.54508,34,4.75528) 
(-4.90181e-15,32.5,5) (-6.86254e-15,32.5,7) (-2.16312,33,6.6574) 
(-2.16312,33,6.6574) (-1.54508,33,4.75528) (-4.90181e-15,32.5,5) 
(-6.86254e-15,32.5,7) (-6.86254e-15,34.5,7) (-2.16312,35,6.6574) 
(-2.16312,35,6.6574) (-2.16312,33,6.6574) (-6.86254e-15,32.5,7) 
(-6.86254e-15,34.5,7) (-4.90181e-15,34.5,5) (-1.54508,35,4.75528) 
(-1.54508,35,4.75528) (-2.16312,35,6.6574) (-6.86254e-15,34.5,7) 
(-4.90181e-15,34.5,5) (-4.90181e-15,32.5,5) (-1.54508,33,4.75528) 
(-1.54508,33,4.75528) (-1.54508,35,4.75528) (-4.90181e-15,34.5,5) 
(-1.54508,33,4.75528) (-2.16312,33,6.6574) (-4.1145,33.5,5.66312) 
(-4.1145,33.5,5.66312) (-2.93893,33.5,4.04508) (-1.54508,33,4.75528) 
(-2.16312,33,6.6574) (-2.16312,35,6.6574) (-4.1145,35.5,5.66312) 
(-4.1145,35.5,5.66312) (-4.1145,33.5,5.66312) (-2.16312,33,6.6574) 
(-2.16312,35,6.6574) (-1.54508,35,4.75528) (-2.93893,35.5,4.04508) 
(-2.93893,35.5,4.04508) (-4.1145,35.5,5.66312) (-2.16312,35,6.6574) 
(-1.54508,35,4.75528) (-1.54508,33,4.75528) (-2.93893,33.5,4.04508) 
(-2.93893,33.5,4.04508) (-2.93893,35.5,4.04508) (-1.54508,35,4.75528) 
(-2.93893,33.5,4.04508) (-4.1145,33.5,5.66312) (-5.66312,34,4.1145) 
(-5.66312,34,4.1145) (-4.04508,34,2.93893) (-2.93893,33.5,4.04508) 
(-4.1145,33.5,5.66312) (-4.1145,35.5,5.66312) (-5.66312,36,4.1145) 
(-5.66312,36,4.1145) (-5.66312,34,4.1145) (-4.1145,33.5,5.66312) 
(-4.1145,35.5,5.66312) (-2.93893,35.5,4.04508) (-4.04508,36,2.93893) 
(-4.04508,36,2.93893) (-5.66312,36,4.1145) (-4.1145,35.5,5.66312) 
(-2.93893,35.5,4.04508) (-2.93893,33.5,4.04508) (-4.04508,34,2.93893) 
(-4.04508,34,2.93893) (-4.04508,36,2.93893) (-2.93893,35.5,4.04508) 
(-4.04508,34,2.93893) (-5.66312,34,4.1145) (-6.6574,34.5,2.16312) 
(-6.6574,34.5,2.16312) (-4.75528,34.5,1.54508) (-4.04508,34,2.93893) 
(-5.66312,34,4.1145) (-5.66312,36,4.1145) (-6.6574,36.5,2.16312) 
(-6.6574,36.5,2.16312) (-6.6574,34.5,2.16312) (-5.66312,34,4.1145) 
(-5.66312,36,4.1145) (-4.04508,36,2.93893) (-4.75528,36.5,1.54508) 
(-4.75528,36.5,1.54508) (-6.6574,36.5,2.16312) (-5.66312,36,4.1145) 
(-4.04508,36,2.93893) (-4.04508,34,2.93893) (-4.75528,34.5,1.54508) 
(-4.75528,34.5,1.54508) (-4.75528,36.5,1.54508) (-4.04508,36,2.93893) 
(-4.75528,34.5,1.54508) (-6.6574,34.5,2.16312) (-7,35,6.00057e-15) 
(-7,35,6.00057e-15) (-5,35,4.28612e-15) (-4.75528,34.5,1.54508) 
(-6.6574,34.5,2.16312) (-6.6574,36.5,2.16312) (-7,37,6.00057e-15) 
(-7,37,6.00057e-15) (-7,35,6.00057e-15) (-6.6574,34.5,2.16312) 
(-6.6574,36.5,2.16312) (-4.75528,36.5,1.54508) (-5,37,4.28612e-15) 
(-5,37,4.28612e-15) (-7,37,6.00057e-15) (-6.6574,36.5,2.16312) 
(-4.75528,36.5,1.54508) (-4.75528,34.5,1.54508) (-5,35,4.28612e-15) 
(-5,35,4.28612e-15) (-5,37,4.28612e-15) (-4.75528,36.5,1.54508) 
(-5,35,4.28612e-15) (-7,35,6.00057e-15) (-6.6574,35.5,-2.16312) 
(-6.6574,35.5,-2.16312) (-4.75528,35.5,-1.54508) (-5,35,4.28612e-15) 
(-7,35,6.00057e-15) (-7,37,6.00057e-15) (-6.6574,37.5,-2.16312) 
(-6.6574,37.5,-2.16312) (-6.6574,35.5,-2.16312) (-7,35,6.00057e-15) 
(-7,37,6.00057e-15) (-5,37,4.28612e-15) (-4.75528,37.5,-1.54508) 
(-4.75528,37.5,-1.54508) (-6.6574,37.5,-2.16312) (-7,37,6.00057e-15) 
(-5,37,4.28612e-15) (-5,35,4.28612e-15) (-4.75528,35.5,-1.54508) 
(-4.75528,35.5,-1.54508) (-4.75528,37.5,-1.54508) (-5,37,4.28612e-15) 
(-4.75528,35.5,-1.54508) (-6.6574,35.5,-2.16312) (-5.66312,36,-4.1145) 
(-5.66312,36,-4.1145) (-4.04508,36,-2.93893) (-4.75528,35.5,-1.54508) 
(-6.6574,35.5,-2.16312) (-6.6574,37.5,-2.16312) (-5.66312,38,-4.1145) 
(-5.66312,38,-4.1145) (-5.66312,36,-4.1145) (-6.6574,35.5,-2.16312) 
(-6.6574,37.5,-2.16312) (-4.75528,37.5,-1.54508) (-4.04508,38,-2.93893) 
(-4.04508,38,-2.93893) (-5.66312,38,-4.1145) (-6.6574,37.5,-2.16312) 
(-4.75528,37.5,-1.54508) (-4.75528,35.5,-1.54508) (-4.04508,36,-2.93893) 
(-4.04508,36,-2.93893) (-4.04508,38,-2.93893) (-4.75528,37.5,-1.54508) 
(-4.04508,36,-2.93893) (-5.66312,36,-4.1145) (-4.1145,36.5,-5.66312) 
(-4.1145,36.5,-5.66312) (-2.93893,36.5,-4.04508) (-4.04508,36,-2.93893) 
(-5.66312,36,-4.1145) (-5.66312,38,-4.1145) (-4.1145,38.5,-5.66312) 
(-4.1145,38.5,-5.66312) (-4.1145,36.5,-5.66312) (-5.66312,36,-4.1145) 
(-5.66312,38,-4.1145) (-4.04508,38,-2.93893) (-2.93893,38.5,-4.04508) 
(-2.93893,38.5,-4.04508) (-4.1145,38.5,-5.66312) (-5.66312,38,-4.1145) 
(-4.04508,38,-2.93893) (-4.04508,36,-2.93893) (-2.93893,36.5,-4.04508) 
(-2.93893,36.5,-4.04508) (-2.93893,38.5,-4.04508) (-4.04508,38,-2.93893) 
(-2.93893,36.5,-4.04508) (-4.1145,36.5,-5.66312) (-2.16312,37,-6.6574) 
(-2.16312,37,-6.6574) (-1.54508,37,-4.75528) (-2.93893,36.5,-4.04508) 
(-4.1145,36.5,-5.66312) (-4.1145,38.5,-5.66312) (-2.16312,39,-6.6574) 
(-2.16312,39,-6.6574) (-2.16312,37,-6.6574) (-4.1145,36.5,-5.66312) 
(-4.1145,38.5,-5.66312) (-2.93893,38.5,-4.04508) (-1.54508,39,-4.75528) 
(-1.54508,39,-4.75528) (-2.16312,39,-6.6574) (-4.1145,38.5,-5.66312) 
(-2.93893,38.5,-4.04508) (-2.93893,36.5,-4.04508) (-1.54508,37,-4.75528) 
(-1.54508,37,-4.75528) (-1.54508,39,-4.75528) (-2.93893,38.5,-4.04508) 
(-1.54508,37,-4.75528) (-2.16312,37,-6.6574) (-1.88637e-14,37.5,-7) 
(-1.88637e-14,37.5,-7) (-1.34741e-14,37.5,-5) (-1.54508,37,-4.75528) 
(-2.16312,37,-6.6574) (-2.16312,39,-6.6574) (-1.88637e-14,39.5,-7) 
(-1.88637e-14,39.5,-7) (-1.88637e-14,37.5,-7) (-2.16312,37,-6.6574) 
(-2.16312,39,-6.6574) (-1.54508,39,-4.75528) (-1.34741e-14,39.5,-5) 
(-1.34741e-14,39.5,-5) (-1.88637e-14,39.5,-7) (-2.16312,39,-6.6574) 
(-1.54508,39,-4.75528) (-1.54508,37,-4.75528) (-1.34741e-14,37.5,-5) 
(-1.34741e-14,37.5,-5) (-1.34741e-14,39.5,-5) (-1.54508,39,-4.75528) 
(-1.34741e-14,37.5,-5) (-1.88637e-14,37.5,-7) (2.16312,38,-6.6574) 
(2.16312,38,-6.6574) (1.54508,38,-4.75528) (-1.34741e-14,37.5,-5) 
(-1.88637e-14,37.5,-7) (-1.88637e-14,39.5,-7) (2.16312,40,-6.6574) 
(2.16312,40,-6.6574) (2.16312,38,-6.6574) (-1.88637e-14,37.5,-7) 
(-1.88637e-14,39.5,-7) (-1.34741e-14,39.5,-5) (1.54508,40,-4.75528) 
(1.54508,40,-4.75528) (2.16312,40,-6.6574) (-1.88637e-14,39.5,-7) 
(-1.34741e-14,39.5,-5) (-1.34741e-14,37.5,-5) (1.54508,38,-4.75528) 
(1.54508,38,-4.75528) (1.54508,40,-4.75528) (-1.34741e-14,39.5,-5) 
(1.54508,38,-4.75528) (2.16312,38,-6.6574) (4.1145,38.5,-5.66312) 
(4.1145,38.5,-5.66312) (2.93893,38.5,-4.04508) (1.54508,38,-4.75528) 
(2.16312,38,-6.6574) (2.16312,40,-6.6574) (4.1145,40.5,-5.66312) 
(4.1145,40.5,-5.66312) (4.1145,38.5,-5.66312) (2.16312,38,-6.6574) 
(2.16312,40,-6.6574) (1.54508,40,-4.75528) (2.93893,40.5,-4.04508) 
(2.93893,40.5,-4.04508) (4.1145,40.5,-5.66312) (2.16312,40,-6.6574) 
(1.54508,40,-4.75528) (1.54508,38,-4.75528) (2.93893,38.5,-4.04508) 
(2.93893,38.5,-4.04508) (2.93893,40.5,-4.04508) (1.54508,40,-4.75528) 
(2.93893,38.5,-4.04508) (4.1145,38.5,-5.66312) (5.66312,39,-4.1145) 
(5.66312,39,-4.1145) (4.04508,39,-2.93893) (2.93893,38.5,-4.04508) 
(4.1145,38.5,-5.66312) (4.1145,40.5,-5.66312) (5.66312,41,-4.1145) 
(5.66312,41,-4.1145) (5.66312,39,-4.1145) (4.1145,38.5,-5.66312) 
(4.1145,40.5,-5.66312) (2.93893,40.5,-4.04508) (4.04508,41,-2.93893) 
(4.04508,41,-2.93893) (5.66312,41,-4.1145) (4.1145,40.5,-5.66312) 
(2.93893,40.5,-4.04508) (2.93893,38.5,-4.04508) (4.04508,39,-2.93893) 
(4.04508,39,-2.93893) (4.04508,41,-2.93893) (2.93893,40.5,-4.04508) 
(4.04508,39,-2.93893) (5.66312,39,-4.1145) (6.6574,39.5,-2.16312) 
(6.6574,39.5,-2.16312) (4.75528,39.5,-1.54508) (4.04508,39,-2.93893) 
(5.66312,39,-4.1145) (5.66312,41,-4.1145) (6.6574,41.5,-2.16312) 
(6.6574,41.5,-2.16312) (6.6574,39.5,-2.16312) (5.66312,39,-4.1145) 
(5.66312,41,-4.1145) (4.04508,41,-2.93893) (4.75528,41.5,-1.54508) 
(4.75528,41.5,-1.54508) (6.6574,41.5,-2.16312) (5.66312,41,-4.1145) 
(4.04508,41,-2.93893) (4.04508,39,-2.93893) (4.75528,39.5,-1.54508) 
(4.75528,39.5,-1.54508) (4.75528,41.5,-1.54508) (4.04508,41,-2.93893) 
(4.75528,39.5,-1.54508) (6.6574,39.5,-2.16312) (7,40,-6.8578e-15) 
(7,40,-6.8578e-15) (5,40,-4.89843e-15) (4.75528,39.5,-1.54508) 
(6.6574,39.5,-2.16312) (6.6574,41.5,-2.16312) (7,42,-6.8578e-15) 
(7,42,-6.8578e-15) (7,40,-6.8578e-15) (6.6574,39.5,-2.16312) 
(6.6574,41.5,-2.16312) (4.75528,41.5,-1.54508) (5,42,-4.89843e-15) 
(5,42,-4.89843e-15) (7,42,-6.8578e-15) (6.6574,41.5,-2.16312) 
(4.75528,41.5,-1.54508) (4.75528,39.5,-1.54508) (5,40,-4.89843e-15) 
(5,40,-4.89843e-15) (5,42,-4.89843e-15) (4.75528,41.5,-1.54508) 
(5,40,-4.89843e-15) (7,40,-6.8578e-15) (6.6574,40.5,2.16312) 
(6.6574,40.5,2.16312) (4.75528,40.5,1.54508) (5,40,-4.89843e-15) 
(7,40,-6.8578e-15) (7,42,-6.8578e-15) (6.6574,42.5,2.16312) 
(6.6574,42.5,2.16312) (6.6574,40.5,2.16312) (7,40,-6.8578e-15) 
(7,42,-6.8578e-15) (5,42,-4.89843e-15) (4.75528,42.5,1.54508) 
(4.75528,42.5,1.54508) (6.6574,42.5,2.16312) (7,42,-6.8578e-15) 
(5,42,-4.89843e-15) (5,40,-4.89843e-15) (4.75528,40.5,1.54508) 
(4.75528,40.5,1.54508) (4.75528,42.5,1.54508) (5,42,-4.89843e-15) 
(4.75528,40.5,1.54508) (6.6574,40.5,2.16312) (5.66312,41,4.1145) 
(5.66312,41,4.1145) (4.04508,41,2.93893) (4.75528,40.5,1.54508) 
(6.6574,40.5,2.16312) (6.6574,42.5,2.16312) (5.66312,43,4.1145) 
(5.66312,43,4.1145) (5.66312,41,4.1145) (6.6574,40.5,2.16312) 
(6.6574,42.5,2.16312) (4.75528,42.5,1.54508) (4.04508,43,2.93893) 
(4.04508,43,2.93893) (5.66312,43,4.1145) (6.6574,42.5,2.16312) 
(4.75528,42.5,1.54508) (4.75528,40.5,1.54508) (4.04508,41,2.93893) 
(4.04508,41,2.93893) (4.04508,43,2.93893) (4.75528,42.5,1.54508) 
(4.04508,41,2.93893) (5.66312,41,4.1145) (4.1145,41.5,5.66312) 
(4.1145,41.5,5.66312) (2.93893,41.5,4.04508) (4.04508,41,2.93893) 
(5.66312,41,4.1145) (5.66312,43,4.1145) (4.1145,43.5,5.66312) 
(4.1145,43.5,5.66312) (4.1145,41.5,5.66312) (5.66312,41,4.1145) 
(5.66312,43,4.1145) (4.04508,43,2.93893) (2.93893,43.5,4.04508) 
(2.93893,43.5,4.04508) (4.1145,43.5,5.66312) (5.66312,43,4.1145) 
(4.04508,43,2.93893) (4.04508,41,2.93893) (2.93893,41.5,4.04508) 
(2.93893,41.5,4.04508) (2.93893,43.5,4.04508) (4.04508,43,2.93893) 
(2.93893,41.5,4.04508) (4.1145,41.5,5.66312) (2.16312,42,6.6574) 
(2.16312,42,6.6574) (1.54508,42,4.75528) (2.93893,41.5,4.04508) 
(4.1145,41.5,5.66312) (4.1145,43.5,5.66312) (2.16312,44,6.6574) 
(2.16312,44,6.6574) (2.16312,42,6.6574) (4.1145,41.5,5.66312) 
(4.1145,43.5,5.66312) (2.93893,43.5,4.04508) (1.54508,44,4.75528) 
(1.54508,44,4.75528) (2.16312,44,6.6574) (4.1145,43.5,5.66312) 
(2.93893,43.5,4.04508) (2.93893,41.5,4.04508) (1.54508,42,4.75528) 
(1.54508,42,4.75528) (1.54508,44,4.75528) (2.93893,43.5,4.04508) 
(1.54508,42,4.75528) (2.16312,42,6.6574) (-5.14809e-15,42.5,7) 
(-5.14809e-15,42.5,7) (-3.67721e-15,42.5,5) (1.54508,42,4.75528) 
(2.16312,42,6.6574) (2.16312,44,6.6574) (-5.14809e-15,44.5,7) 
(-5.14809e-15,44.5,7) (-5.14809e-15,42.5,7) (2.16312,42,6.6574) 
(2.16312,44,6.6574) (1.54508,44,4.75528) (-3.67721e-15,44.5,5) 
(-3.67721e-15,44.5,5) (-5.14809e-15,44.5,7) (2.16312,44,6.6574) 
(1.54508,44,4.75528) (1.54508,42,4.75528) (-3.67721e-15,42.5,5) 
(-3.67721e-15,42.5,5) (-3.67721e-15,44.5,5) (1.54508,44,4.75528) 
(-3.67721e-15,42.5,5) (-5.14809e-15,42.5,7) (-2.16312,43,6.6574) 
(-2.16312,43,6.6574) (-1.54508,43,4.75528) (-3.67721e-15,42.5,5) 
(-5.14809e-15,42.5,7) (-5.14809e-15,44.5,7) (-2.16312,45,6.6574) 
(-2.16312,45,6.6574) (-2.16312,43,6.6574) (-5.14809e-15,42.5,7) 
(-5.14809e-15,44.5,7) (-3.67721e-15,44.5,5) (-1.54508,45,4.75528) 
(-1.54508,45,4.75528) (-2.16312,45,6.6574) (-5.14809e-15,44.5,7) 
(-3.67721e-15,44.5,5) (-3.67721e-15,42.5,5) (-1.54508,43,4.75528) 
(-1.54508,43,4.75528) (-1.54508,45,4.75528) (-3.67721e-15,44.5,5) 
(-1.54508,43,4.75528) (-2.16312,43,6.6574) (-4.1145,43.5,5.66312) 
(-4.1145,43.5,5.66312) (-2.93893,43.5,4.04508) (-1.54508,43,4.75528) 
(-2.16312,43,6.6574) (-2.16312,45,6.6574) (-4.1145,45.5,5.66312) 
(-4.1145,45.5,5.66312) (-4.1145,43.5,5.66312) (-2.16312,43,6.6574) 
(-2.16312,45,6.6574) (-1.54508,45,4.75528) (-2.93893,45.5,4.04508) 
(-2.93893,45.5,4.04508) (-4.1145,45.5,5.66312) (-2.16312,45,6.6574) 
(-1.54508,45,4.75528) (-1.54508,43,4.75528) (-2.93893,43.5,4.04508) 
(-2.93893,43.5,4.04508) (-2.93893,45.5,4.04508) (-1.54508,45,4.75528) 
(-2.93893,43.5,4.04508) (-4.1145,43.5,5.66312) (-5.66312,44,4.1145) 
(-5.66312,44,4.1145) (-4.04508,44,2.93893) (-2.93893,43.5,4.04508) 
(-4.1145,43.5,5.66312) (-4.1145,45.5,5.66312) (-5.66312,46,4.1145) 
(-5.66312,46,4.1145) (-5.66312,44,4.1145) (-4.1145,43.5,5.66312) 
(-4.1145,45.5,5.66312) (-2.93893,45.5,4.04508) (-4.04508,46,2.93893) 
(-4.04508,46,2.93893) (-5.66312,46,4.1145) (-4.1145,45.5,5.66312) 
(-2.93893,45.5,4.04508) (-2.93893,43.5,4.04508) (-4.04508,44,2.93893) 
(-4.04508,44,2.93893) (-4.04508,46,2.93893) (-2.93893,45.5,4.04508) 
(-4.04508,44,2.93893) (-5.66312,44,4.1145) (-6.6574,44.5,2.16312) 
(-6.6574,44.5,2.16312) (-4.75528,44.5,1.54508) (-4.04508,44,2.93893) 
(-5.66312,44,4.1145) (-5.66312,46,4.1145) (-6.6574,46.5,2.16312) 
(-6.6574,46.5,2.16312) (-6.6574,44.5,2.16312) (-5.66312,44,4.1145) 
(-5.66312,46,4.1145) (-4.04508,46,2.93893) (-4.75528,46.5,1.54508) 
(-4.75528,46.5,1.54508) (-6.6574,46.5,2.16312) (-5.66312,46,4.1145) 
(-4.04508,46,2.93893) (-4.04508,44,2.93893) (-4.75528,44.5,1.54508) 
(-4.75528,44.5,1.54508) (-4.75528,46.5,1.54508) (-4.04508,46,2.93893) 
(-4.75528,44.5,1.54508) (-6.6574,44.5,2.16312) (-7,45,7.71502e-15) 
(-7,45,7.71502e-15) (-5,45,5.51073e-15) (-4.75528,44.5,1.54508) 
(-6.6574,44.5,2.16312) (-6.6574,46.5,2.16312) (-7,47,7.71502e-15) 
(-7,47,7.71502e-15) (-7,45,7.71502e-15) (-6.6574,44.5,2.16312) 
(-6.6574,46.5,2.16312) (-4.75528,46.5,1.54508) (-5,47,5.51073e-15) 
(-5,47,5.51073e-15) (-7,47,7.71502e-15) (-6.6574,46.5,2.16312) 
(-4.75528,46.5,1.54508) (-4.75528,44.5,1.54508) (-5,45,5.51073e-15) 
(-5,45,5.51073e-15) (-5,47,5.51073e-15) (-4.75528,46.5,1.54508) 
(-5,45,5.51073e-15) (-7,45,7.71502e-15) (-6.6574,45.5,-2.16312) 
(-6.6574,45.5,-2.16312) (-4.75528,45.5,-1.54508) (-5,45,5.51073e-15) 
(-7,45,7.71502e-15) (-7,47,7.71502e-15) (-6.6574,47.5,-2.16312) 
(-6.6574,47.5,-2.16312) (-6.6574,45.5,-2.16312) (-7,45,7.71502e-15) 
(-7,47,7.71502e-15) (-5,47,5.51073e-15) (-4.75528,47.5,-1.54508) 
(-4.75528,47.5,-1.54508) (-6.6574,47.5,-2.16312) (-7,47,7.71502e-15) 
(-5,47,5.51073e-15) (-5,45,5.51073e-15) (-4.75528,45.5,-1.54508) 
(-4.75528,45.5,-1.54508) (-4.75528,47.5,-1.54508) (-5,47,5.51073e-15) 
(-4.75528,45.5,-1.54508) (-6.6574,45.5,-2.16312) (-5.66312,46,-4.1145) 
(-5.66312,46,-4.1145) (-4.04508,46,-2.93893) (-4.75528,45.5,-1.54508) 
(-6.6574,45.5,-2.16312) (-6.6574,47.5,-2.16312) (-5.66312,48,-4.1145) 
(-5.66312,48,-4.1145) (-5.66312,46,-4.1145) (-6.6574,45.5,-2.16312) 
(-6.6574,47.5,-2.16312) (-4.75528,47.5,-1.54508) (-4.04508,48,-2.93893) 
(-4.04508,48,-2.93893) (-5.66312,48,-4.1145) (-6.6574,47.5,-2.16312) 
(-4.75528,47.5,-1.54508) (-4.75528,45.5,-1.54508) (-4.04508,46,-2.93893) 
(-4.04508,46,-2.93893) (-4.04508,48,-2.93893) (-4.75528,47.5,-1.54508) 
(-4.04508,46,-2.93893) (-5.66312,46,-4.1145) (-4.1145,46.5,-5.66312) 
(-4.1145,46.5,-5.66312) (-2.93893,46.5,-4.04508) (-4.04508,46,-2.93893) 
(-5.66312,46,-4.1145) (-5.66312,48,-4.1145) (-4.1145,48.5,-5.66312) 
(-4.1145,48.5,-5.66312) (-4.1145,46.5,-5.66312) (-5.66312,46,-4.1145) 
(-5.66312,48,-4.1145) (-4.04508,48,-2.93893) (-2.93893,48.5,-4.04508) 
(-2.93893,48.5,-4.04508) (-4.1145,48.5,-5.66312) (-5.66312,48,-4.1145) 
(-4.04508,48,-2.93893) (-4.04508,46,-2.93893) (-2.93893,46.5,-4.04508) 
(-2.93893,46.5,-4.04508) (-2.93893,48.5,-4.04508) (-4.04508,48,-2.93893) 
(-2.93893,46.5,-4.04508) (-4.1145,46.5,-5.66312) (-2.16312,47,-6.6574) 
(-2.16312,47,-6.6574) (-1.54508,47,-4.75528) (-2.93893,46.5,-4.04508) 
(-4.1145,46.5,-5.66312) (-4.1145,48.5,-5.66312) (-2.16312,49,-6.6574) 
(-2.16312,49,-6.6574) (-2.16312,47,-6.6574) (-4.1145,46.5,-5.66312) 
(-4.1145,48.5,-5.66312) (-2.93893,48.5,-4.04508) (-1.54508,49,-4.75528) 
(-1.54508,49,-4.75528) (-2.16312,49,-6.6574) (-4.1145,48.5,-5.66312) 
(-2.93893,48.5,-4.04508) (-2.93893,46.5,-4.04508) (-1.54508,47,-4.75528) 
(-1.54508,47,-4.75528) (-1.54508,49,-4.75528) (-2.93893,48.5,-4.04508) 
(-1.54508,47,-4.75528) (-2.16312,47,-6.6574) (-2.05781e-14,47.5,-7) 
(-2.05781e-14,47.5,-7) (-1.46987e-14,47.5,-5) (-1.54508,47,-4.75528) 
(-2.16312,47,-6.6574) (-2.16312,49,-6.6574) (-2.05781e-14,49.5,-7) 
(-2.05781e-14,49.5,-7) (-2.05781e-14,47.5,-7) (-2.16312,47,-6.6574) 
(-2.16312,49,-6.6574) (-1.54508,49,-4.75528) (-1.46987e-14,49.5,-5) 
(-1.46987e-14,49.5,-5) (-2.05781e-14,49.5,-7) (-2.16312,49,-6.6574) 
(-1.54508,49,-4.75528) (-1.54508,47,-4.75528) (-1.46987e-14,47.5,-5) 
(-1.46987e-14,47.5,-5) (-1.46987e-14,49.5,-5) (-1.54508,49,-4.75528) 
(-1.46987e-14,47.5,-5) (-2.05781e-14,47.5,-7) (2.16312,48,-6.6574) 
(2.16312,48,-6.6574) (1.54508,48,-4.75528) (-1.46987e-14,47.5,-5) 
(-2.05781e-14,47.5,-7) (-2.05781e-14,49.5,-7) (2.16312,50,-6.6574) 
(2.16312,50,-6.6574) (2.16312,48,-6.6574) (-2.05781e-14,47.5,-7) 
(-2.05781e-14,49.5,-7) (-1.46987e-14,49.5,-5) (1.54508,50,-4.75528) 
(1.54508,50,-4.75528) (2.16312,50,-6.6574) (-2.05781e-14,49.5,-7) 
(-1.46987e-14,49.5,-5) (-1.46987e-14,47.5,-5) (1.54508,48,-4.75528) 
(1.54508,48,-4.75528) (1.54508,50,-4.75528) (-1.46987e-14,49.5,-5) 
(1.54508,48,-4.75528) (2.16312,48,-6.6574) (4.1145,48.5,-5.66312) 
(4.1145,48.5,-5.66312) (2.93893,48.5,-4.04508) (1.54508,48,-4.75528) 
(2.16312,48,-6.6574) (2.16312,50,-6.6574) (4.1145,50.5,-5.66312) 
(4.1145,50.5,-5.66312) (4.1145,48.5,-5.66312) (2.16312,48,-6.6574) 
(2.16312,50,-6.6574) (1.54508,50,-4.75528) (2.93893,50.5,-4.04508) 
(2.93893,50.5,-4.04508) (4.1145,50.5,-5.66312) (2.16312,50,-6.6574) 
(1.54508,50,-4.75528) (1.54508,48,-4.75528) (2.93893,48.5,-4.04508) 
(2.93893,48.5,-4.04508) (2.93893,50.5,-4.04508) (1.54508,50,-4.75528) 
(2.93893,48.5,-4.04508) (4.1145,48.5,-5.66312) (5.66312,49,-4.1145) 
(5.66312,49,-4.1145) (4.04508,49,-2.93893) (2.93893,48.5,-4.04508) 
(4.1145,48.5,-5.66312) (4.1145,50.5,-5.66312) (5.66312,51,-4.1145) 
(5.66312,51,-4.1145) (5.66312,49,-4.1145) (4.1145,48.5,-5.66312) 
(4.1145,50.5,-5.66312) (2.93893,50.5,-4.04508) (4.04508,51,-2.93893) 
(4.04508,51,-2.93893) (5.66312,51,-4.1145) (4.1145,50.5,-5.66312) 
(2.93893,50.5,-4.04508) (2.93893,48.5,-4.04508) (4.04508,49,-2.93893) 
(4.04508,49,-2.93893) (4.04508,51,-2.93893) (2.93893,50.5,-4.04508) 
(4.04508,49,-2.93893) (5.66312,49,-4.1145) (6.6574,49.5,-2.16312) 
(6.6574,49.5,-2.16312) (4.75528,49.5,-1.54508) (4.04508,49,-2.93893) 
(5.66312,49,-4.1145) (5.66312,51,-4.1145) (6.6574,51.5,-2.16312) 
(6.6574,51.5,-2.16312) (6.6574,49.5,-2.16312) (5.66312,49,-4.1145) 
(5.66312,51,-4.1145) (4.04508,51,-2.93893) (4.75528,51.5,-1.54508) 
(4.75528,51.5,-1.54508) (6.6574,51.5,-2.16312) (5.66312,51,-4.1145) 
(4.04508,51,-2.93893) (4.04508,49,-2.93893) (4.75528,49.5,-1.54508) 
(4.75528,49.5,-1.54508) (4.75528,51.5,-1.54508) (4.04508,51,-2.93893) 
