(15,15,31) (18.3266,15,30.6504) (15,16.8541,30.7063)
(15,16.8541,30.7063) (18.3266,15,30.6504) (18.2655,16.8541,30.3631)
(15,16.8541,30.7063) (18.2655,16.8541,30.3631) (15,18.5267,29.8541)
(15,18.5267,29.8541) (18.2655,16.8541,30.3631) (18.0883,18.5267,29.5295)
(15,18.5267,29.8541) (18.0883,18.5267,29.5295) (15,19.8541,28.5267)
(15,19.8541,28.5267) (18.0883,18.5267,29.5295) (17.8124,19.8541,28.2311)
(15,19.8541,28.5267) (17.8124,19.8541,28.2311) (15,20.7063,26.8541)
(15,20.7063,26.8541) (17.8124,19.8541,28.2311) (17.4646,20.7063,26.5951)
(15,20.7063,26.8541) (17.4646,20.7063,26.5951) (15,21,25)
(15,21,25) (17.4646,20.7063,26.5951) (17.0791,21,24.7815)
(15,21,25) (17.0791,21,24.7815) (15,20.7063,23.1459)
(15,20.7063,23.1459) (17.0791,21,24.7815) (16.6936,20.7063,22.9679)
(15,20.7063,23.1459) (16.6936,20.7063,22.9679) (15,19.8541,21.4733)
(15,19.8541,21.4733) (16.6936,20.7063,22.9679) (16.3459,19.8541,21.3318)
(15,19.8541,21.4733) (16.3459,19.8541,21.3318) (15,18.5267,20.1459)
(15,18.5267,20.1459) (16.3459,19.8541,21.3318) (16.0699,18.5267,20.0334)
(15,18.5267,20.1459) (16.0699,18.5267,20.0334) (15,16.8541,19.2937)
(15,16.8541,19.2937) (16.0699,18.5267,20.0334) (15.8927,16.8541,19.1998)
(15,16.8541,19.2937) (15.8927,16.8541,19.1998) (15,15,19)
(15,15,19) (15.8927,16.8541,19.1998) (15.8316,15,18.9126)
(15,15,19) (15.8316,15,18.9126) (15,13.1459,19.2937)
(15,13.1459,19.2937) (15.8316,15,18.9126) (15.8927,13.1459,19.1998)
(15,13.1459,19.2937) (15.8927,13.1459,19.1998) (15,11.4733,20.1459)
(15,11.4733,20.1459) (15.8927,13.1459,19.1998) (16.0699,11.4733,20.0334)
(15,11.4733,20.1459) (16.0699,11.4733,20.0334) (15,10.1459,21.4733)
(15,10.1459,21.4733) (16.0699,11.4733,20.0334) (16.3459,10.1459,21.3318)
(15,10.1459,21.4733) (16.3459,10.1459,21.3318) (15,9.29366,23.1459)
(15,9.29366,23.1459) (16.3459,10.1459,21.3318) (16.6936,9.29366,22.9679)
(15,9.29366,23.1459) (16.6936,9.29366,22.9679) (15,9,25)
(15,9,25) (16.6936,9.29366,22.9679) (17.0791,9,24.7815)
(15,9,25) (17.0791,9,24.7815) (15,9.29366,26.8541)
(15,9.29366,26.8541) (17.0791,9,24.7815) (17.4646,9.29366,26.5951)
(15,9.29366,26.8541) (17.4646,9.29366,26.5951) (15,10.1459,28.5267)
(15,10.1459,28.5267) (17.4646,9.29366,26.5951) (17.8124,10.1459,28.2311)
(15,10.1459,28.5267) (17.8124,10.1459,28.2311) (15,11.4733,29.8541)
(15,11.4733,29.8541) (17.8124,10.1459,28.2311) (18.0883,11.4733,29.5295)
(15,11.4733,29.8541) (18.0883,11.4733,29.5295) (15,13.1459,30.7063)
(15,13.1459,30.7063) (18.0883,11.4733,29.5295) (18.2655,13.1459,30.3631)
(15,13.1459,30.7063) (18.2655,13.1459,30.3631) (15,15,31)
(15,15,31) (18.2655,13.1459,30.3631) (18.3266,15,30.6504)
(18.3266,15,30.6504) (21.5078,15,29.6167) (18.2655,16.8541,30.3631)
(18.2655,16.8541,30.3631) (21.5078,15,29.6167) (21.3883,16.8541,29.3485)
(18.2655,16.8541,30.3631) (21.3883,16.8541,29.3485) (18.0883,18.5267,29.5295)
(18.0883,18.5267,29.5295) (21.3883,16.8541,29.3485) (21.0417,18.5267,28.5699)
(18.0883,18.5267,29.5295) (21.0417,18.5267,28.5699) (17.8124,19.8541,28.2311)
(17.8124,19.8541,28.2311) (21.0417,18.5267,28.5699) (20.5018,19.8541,27.3573)
(17.8124,19.8541,28.2311) (20.5018,19.8541,27.3573) (17.4646,20.7063,26.5951)
(17.4646,20.7063,26.5951) (20.5018,19.8541,27.3573) (19.8215,20.7063,25.8293)
(17.4646,20.7063,26.5951) (19.8215,20.7063,25.8293) (17.0791,21,24.7815)
(17.0791,21,24.7815) (19.8215,20.7063,25.8293) (19.0674,21,24.1355)
(17.0791,21,24.7815) (19.0674,21,24.1355) (16.6936,20.7063,22.9679)
(16.6936,20.7063,22.9679) (19.0674,21,24.1355) (18.3132,20.7063,22.4416)
(16.6936,20.7063,22.9679) (18.3132,20.7063,22.4416) (16.3459,19.8541,21.3318)
(16.3459,19.8541,21.3318) (18.3132,20.7063,22.4416) (17.6329,19.8541,20.9136)
(16.3459,19.8541,21.3318) (17.6329,19.8541,20.9136) (16.0699,18.5267,20.0334)
(16.0699,18.5267,20.0334) (17.6329,19.8541,20.9136) (17.093,18.5267,19.701)
(16.0699,18.5267,20.0334) (17.093,18.5267,19.701) (15.8927,16.8541,19.1998)
(15.8927,16.8541,19.1998) (17.093,18.5267,19.701) (16.7464,16.8541,18.9225)
(15.8927,16.8541,19.1998) (16.7464,16.8541,18.9225) (15.8316,15,18.9126)
(15.8316,15,18.9126) (16.7464,16.8541,18.9225) (16.6269,15,18.6542)
(15.8316,15,18.9126) (16.6269,15,18.6542) (15.8927,13.1459,19.1998)
(15.8927,13.1459,19.1998) (16.6269,15,18.6542) (16.7464,13.1459,18.9225)
(15.8927,13.1459,19.1998) (16.7464,13.1459,18.9225) (16.0699,11.4733,20.0334)
(16.0699,11.4733,20.0334) (16.7464,13.1459,18.9225) (17.093,11.4733,19.701)
(16.0699,11.4733,20.0334) (17.093,11.4733,19.701) (16.3459,10.1459,21.3318)
(16.3459,10.1459,21.3318) (17.093,11.4733,19.701) (17.6329,10.1459,20.9136)
(16.3459,10.1459,21.3318) (17.6329,10.1459,20.9136) (16.6936,9.29366,22.9679)
(16.6936,9.29366,22.9679) (17.6329,10.1459,20.9136) (18.3132,9.29366,22.4416)
(16.6936,9.29366,22.9679) (18.3132,9.29366,22.4416) (17.0791,9,24.7815)
(17.0791,9,24.7815) (18.3132,9.29366,22.4416) (19.0674,9,24.1355)
(17.0791,9,24.7815) (19.0674,9,24.1355) (17.4646,9.29366,26.5951)
(17.4646,9.29366,26.5951) (19.0674,9,24.1355) (19.8215,9.29366,25.8293)
(17.4646,9.29366,26.5951) (19.8215,9.29366,25.8293) (17.8124,10.1459,28.2311)
(17.8124,10.1459,28.2311) (19.8215,9.29366,25.8293) (20.5018,10.1459,27.3573)
(17.8124,10.1459,28.2311) (20.5018,10.1459,27.3573) (18.0883,11.4733,29.5295)
(18.0883,11.4733,29.5295) (20.5018,10.1459,27.3573) (21.0417,11.4733,28.5699)
(18.0883,11.4733,29.5295) (21.0417,11.4733,28.5699) (18.2655,13.1459,30.3631)
(18.2655,13.1459,30.3631) (21.0417,11.4733,28.5699) (21.3883,13.1459,29.3485)
(18.2655,13.1459,30.3631) (21.3883,13.1459,29.3485) (18.3266,15,30.6504)
(18.3266,15,30.6504) (21.3883,13.1459,29.3485) (21.5078,15,29.6167)
(21.5078,15,29.6167) (24.4046,15,27.9443) (21.3883,16.8541,29.3485)
(21.3883,16.8541,29.3485) (24.4046,15,27.9443) (24.232,16.8541,27.7067)
(21.3883,16.8541,29.3485) (24.232,16.8541,27.7067) (21.0417,18.5267,28.5699)
(21.0417,18.5267,28.5699) (24.232,16.8541,27.7067) (23.731,18.5267,27.0172)
(21.0417,18.5267,28.5699) (23.731,18.5267,27.0172) (20.5018,19.8541,27.3573)
(20.5018,19.8541,27.3573) (23.731,18.5267,27.0172) (22.9508,19.8541,25.9433)
(20.5018,19.8541,27.3573) (22.9508,19.8541,25.9433) (19.8215,20.7063,25.8293)
(19.8215,20.7063,25.8293) (22.9508,19.8541,25.9433) (21.9677,20.7063,24.5902)
(19.8215,20.7063,25.8293) (21.9677,20.7063,24.5902) (19.0674,21,24.1355)
(19.0674,21,24.1355) (21.9677,20.7063,24.5902) (20.8779,21,23.0902)
(19.0674,21,24.1355) (20.8779,21,23.0902) (18.3132,20.7063,22.4416)
(18.3132,20.7063,22.4416) (20.8779,21,23.0902) (19.788,20.7063,21.5902)
(18.3132,20.7063,22.4416) (19.788,20.7063,21.5902) (17.6329,19.8541,20.9136)
(17.6329,19.8541,20.9136) (19.788,20.7063,21.5902) (18.8049,19.8541,20.237)
(17.6329,19.8541,20.9136) (18.8049,19.8541,20.237) (17.093,18.5267,19.701)
(17.093,18.5267,19.701) (18.8049,19.8541,20.237) (18.0247,18.5267,19.1631)
(17.093,18.5267,19.701) (18.0247,18.5267,19.1631) (16.7464,16.8541,18.9225)
(16.7464,16.8541,18.9225) (18.0247,18.5267,19.1631) (17.5238,16.8541,18.4736)
(16.7464,16.8541,18.9225) (17.5238,16.8541,18.4736) (16.6269,15,18.6542)
(16.6269,15,18.6542) (17.5238,16.8541,18.4736) (17.3511,15,18.2361)
(16.6269,15,18.6542) (17.3511,15,18.2361) (16.7464,13.1459,18.9225)
(16.7464,13.1459,18.9225) (17.3511,15,18.2361) (17.5238,13.1459,18.4736)
(16.7464,13.1459,18.9225) (17.5238,13.1459,18.4736) (17.093,11.4733,19.701)
(17.093,11.4733,19.701) (17.5238,13.1459,18.4736) (18.0247,11.4733,19.1631)
(17.093,11.4733,19.701) (18.0247,11.4733,19.1631) (17.6329,10.1459,20.9136)
(17.6329,10.1459,20.9136) (18.0247,11.4733,19.1631) (18.8049,10.1459,20.237)
(17.6329,10.1459,20.9136) (18.8049,10.1459,20.237) (18.3132,9.29366,22.4416)
(18.3132,9.29366,22.4416) (18.8049,10.1459,20.237) (19.788,9.29366,21.5902)
(18.3132,9.29366,22.4416) (19.788,9.29366,21.5902) (19.0674,9,24.1355)
(19.0674,9,24.1355) (19.788,9.29366,21.5902) (20.8779,9,23.0902)
(19.0674,9,24.1355) (20.8779,9,23.0902) (19.8215,9.29366,25.8293)
(19.8215,9.29366,25.8293) (20.8779,9,23.0902) (21.9677,9.29366,24.5902)
(19.8215,9.29366,25.8293) (21.9677,9.29366,24.5902) (20.5018,10.1459,27.3573)
(20.5018,10.1459,27.3573) (21.9677,9.29366,24.5902) (22.9508,10.1459,25.9433)
(20.5018,10.1459,27.3573) (22.9508,10.1459,25.9433) (21.0417,11.4733,28.5699)
(21.0417,11.4733,28.5699) (22.9508,10.1459,25.9433) (23.731,11.4733,27.0172)
(21.0417,11.4733,28.5699) (23.731,11.4733,27.0172) (21.3883,13.1459,29.3485)
(21.3883,13.1459,29.3485) (23.731,11.4733,27.0172) (24.232,13.1459,27.7067)
(21.3883,13.1459,29.3485) (24.232,13.1459,27.7067) (21.5078,15,29.6167)
(21.5078,15,29.6167) (24.232,13.1459,27.7067) (24.4046,15,27.9443)
(24.4046,15,27.9443) (26.8903,15,25.7061) (24.232,16.8541,27.7067)
(24.232,16.8541,27.7067) (26.8903,15,25.7061) (26.6721,16.8541,25.5096)
(24.232,16.8541,27.7067) (26.6721,16.8541,25.5096) (23.731,18.5267,27.0172)
(23.731,18.5267,27.0172) (26.6721,16.8541,25.5096) (26.0387,18.5267,24.9393)
(23.731,18.5267,27.0172) (26.0387,18.5267,24.9393) (22.9508,19.8541,25.9433)
(22.9508,19.8541,25.9433) (26.0387,18.5267,24.9393) (25.0523,19.8541,24.0511)
(22.9508,19.8541,25.9433) (25.0523,19.8541,24.0511) (21.9677,20.7063,24.5902)
(21.9677,20.7063,24.5902) (25.0523,19.8541,24.0511) (23.8093,20.7063,22.9319)
(21.9677,20.7063,24.5902) (23.8093,20.7063,22.9319) (20.8779,21,23.0902)
(20.8779,21,23.0902) (23.8093,20.7063,22.9319) (22.4314,21,21.6913)
(20.8779,21,23.0902) (22.4314,21,21.6913) (19.788,20.7063,21.5902)
(19.788,20.7063,21.5902) (22.4314,21,21.6913) (21.0536,20.7063,20.4507)
(19.788,20.7063,21.5902) (21.0536,20.7063,20.4507) (18.8049,19.8541,20.237)
(18.8049,19.8541,20.237) (21.0536,20.7063,20.4507) (19.8106,19.8541,19.3315)
(18.8049,19.8541,20.237) (19.8106,19.8541,19.3315) (18.0247,18.5267,19.1631)
(18.0247,18.5267,19.1631) (19.8106,19.8541,19.3315) (18.8241,18.5267,18.4433)
(18.0247,18.5267,19.1631) (18.8241,18.5267,18.4433) (17.5238,16.8541,18.4736)
(17.5238,16.8541,18.4736) (18.8241,18.5267,18.4433) (18.1908,16.8541,17.873)
(17.5238,16.8541,18.4736) (18.1908,16.8541,17.873) (17.3511,15,18.2361)
(17.3511,15,18.2361) (18.1908,16.8541,17.873) (17.9726,15,17.6765)
(17.3511,15,18.2361) (17.9726,15,17.6765) (17.5238,13.1459,18.4736)
(17.5238,13.1459,18.4736) (17.9726,15,17.6765) (18.1908,13.1459,17.873)
(17.5238,13.1459,18.4736) (18.1908,13.1459,17.873) (18.0247,11.4733,19.1631)
(18.0247,11.4733,19.1631) (18.1908,13.1459,17.873) (18.8241,11.4733,18.4433)
(18.0247,11.4733,19.1631) (18.8241,11.4733,18.4433) (18.8049,10.1459,20.237)
(18.8049,10.1459,20.237) (18.8241,11.4733,18.4433) (19.8106,10.1459,19.3315)
(18.8049,10.1459,20.237) (19.8106,10.1459,19.3315) (19.788,9.29366,21.5902)
(19.788,9.29366,21.5902) (19.8106,10.1459,19.3315) (21.0536,9.29366,20.4507)
(19.788,9.29366,21.5902) (21.0536,9.29366,20.4507) (20.8779,9,23.0902)
(20.8779,9,23.0902) (21.0536,9.29366,20.4507) (22.4314,9,21.6913)
(20.8779,9,23.0902) (22.4314,9,21.6913) (21.9677,9.29366,24.5902)
(21.9677,9.29366,24.5902) (22.4314,9,21.6913) (23.8093,9.29366,22.9319)
(21.9677,9.29366,24.5902) (23.8093,9.29366,22.9319) (22.9508,10.1459,25.9433)
(22.9508,10.1459,25.9433) (23.8093,9.29366,22.9319) (25.0523,10.1459,24.0511)
(22.9508,10.1459,25.9433) (25.0523,10.1459,24.0511) (23.731,11.4733,27.0172)
(23.731,11.4733,27.0172) (25.0523,10.1459,24.0511) (26.0387,11.4733,24.9393)
(23.731,11.4733,27.0172) (26.0387,11.4733,24.9393) (24.232,13.1459,27.7067)
(24.232,13.1459,27.7067) (26.0387,11.4733,24.9393) (26.6721,13.1459,25.5096)
(24.232,13.1459,27.7067) (26.6721,13.1459,25.5096) (24.4046,15,27.9443)
(24.4046,15,27.9443) (26.6721,13.1459,25.5096) (26.8903,15,25.7061)
(26.8903,15,25.7061) (28.8564,15,23) (26.6721,16.8541,25.5096)
(26.6721,16.8541,25.5096) (28.8564,15,23) (28.6021,16.8541,22.8532)
(26.6721,16.8541,25.5096) (28.6021,16.8541,22.8532) (26.0387,18.5267,24.9393)
(26.0387,18.5267,24.9393) (28.6021,16.8541,22.8532) (27.864,18.5267,22.4271)
(26.0387,18.5267,24.9393) (27.864,18.5267,22.4271) (25.0523,19.8541,24.0511)
(25.0523,19.8541,24.0511) (27.864,18.5267,22.4271) (26.7145,19.8541,21.7634)
(25.0523,19.8541,24.0511) (26.7145,19.8541,21.7634) (23.8093,20.7063,22.9319)
(23.8093,20.7063,22.9319) (26.7145,19.8541,21.7634) (25.266,20.7063,20.9271)
(23.8093,20.7063,22.9319) (25.266,20.7063,20.9271) (22.4314,21,21.6913)
(22.4314,21,21.6913) (25.266,20.7063,20.9271) (23.6603,21,20)
(22.4314,21,21.6913) (23.6603,21,20) (21.0536,20.7063,20.4507)
(21.0536,20.7063,20.4507) (23.6603,21,20) (22.0546,20.7063,19.0729)
(21.0536,20.7063,20.4507) (22.0546,20.7063,19.0729) (19.8106,19.8541,19.3315)
(19.8106,19.8541,19.3315) (22.0546,20.7063,19.0729) (20.606,19.8541,18.2366)
(19.8106,19.8541,19.3315) (20.606,19.8541,18.2366) (18.8241,18.5267,18.4433)
(18.8241,18.5267,18.4433) (20.606,19.8541,18.2366) (19.4565,18.5267,17.5729)
(18.8241,18.5267,18.4433) (19.4565,18.5267,17.5729) (18.1908,16.8541,17.873)
(18.1908,16.8541,17.873) (19.4565,18.5267,17.5729) (18.7184,16.8541,17.1468)
(18.1908,16.8541,17.873) (18.7184,16.8541,17.1468) (17.9726,15,17.6765)
(17.9726,15,17.6765) (18.7184,16.8541,17.1468) (18.4641,15,17)
(17.9726,15,17.6765) (18.4641,15,17) (18.1908,13.1459,17.873)
(18.1908,13.1459,17.873) (18.4641,15,17) (18.7184,13.1459,17.1468)
(18.1908,13.1459,17.873) (18.7184,13.1459,17.1468) (18.8241,11.4733,18.4433)
(18.8241,11.4733,18.4433) (18.7184,13.1459,17.1468) (19.4565,11.4733,17.5729)
(18.8241,11.4733,18.4433) (19.4565,11.4733,17.5729) (19.8106,10.1459,19.3315)
(19.8106,10.1459,19.3315) (19.4565,11.4733,17.5729) (20.606,10.1459,18.2366)
(19.8106,10.1459,19.3315) (20.606,10.1459,18.2366) (21.0536,9.29366,20.4507)
(21.0536,9.29366,20.4507) (20.606,10.1459,18.2366) (22.0546,9.29366,19.0729)
(21.0536,9.29366,20.4507) (22.0546,9.29366,19.0729) (22.4314,9,21.6913)
(22.4314,9,21.6913) (22.0546,9.29366,19.0729) (23.6603,9,20)
(22.4314,9,21.6913) (23.6603,9,20) (23.8093,9.29366,22.9319)
(23.8093,9.29366,22.9319) (23.6603,9,20) (25.266,9.29366,20.9271)
(23.8093,9.29366,22.9319) (25.266,9.29366,20.9271) (25.0523,10.1459,24.0511)
(25.0523,10.1459,24.0511) (25.266,9.29366,20.9271) (26.7145,10.1459,21.7634)
(25.0523,10.1459,24.0511) (26.7145,10.1459,21.7634) (26.0387,11.4733,24.9393)
(26.0387,11.4733,24.9393) (26.7145,10.1459,21.7634) (27.864,11.4733,22.4271)
(26.0387,11.4733,24.9393) (27.864,11.4733,22.4271) (26.6721,13.1459,25.5096)
(26.6721,13.1459,25.5096) (27.864,11.4733,22.4271) (28.6021,13.1459,22.8532)
(26.6721,13.1459,25.5096) (28.6021,13.1459,22.8532) (26.8903,15,25.7061)
(26.8903,15,25.7061) (28.6021,13.1459,22.8532) (28.8564,15,23)
(28.8564,15,23) (30.2169,15,19.9443) (28.6021,16.8541,22.8532)
(28.6021,16.8541,22.8532) (30.2169,15,19.9443) (29.9376,16.8541,19.8535)
(28.6021,16.8541,22.8532) (29.9376,16.8541,19.8535) (27.864,18.5267,22.4271)
(27.864,18.5267,22.4271) (29.9376,16.8541,19.8535) (29.1271,18.5267,19.5902)
(27.864,18.5267,22.4271) (29.1271,18.5267,19.5902) (26.7145,19.8541,21.7634)
(26.7145,19.8541,21.7634) (29.1271,18.5267,19.5902) (27.8647,19.8541,19.18)
(26.7145,19.8541,21.7634) (27.8647,19.8541,19.18) (25.266,20.7063,20.9271)
(25.266,20.7063,20.9271) (27.8647,19.8541,19.18) (26.2739,20.7063,18.6631)
(25.266,20.7063,20.9271) (26.2739,20.7063,18.6631) (23.6603,21,20)
(23.6603,21,20) (26.2739,20.7063,18.6631) (24.5106,21,18.0902)
(23.6603,21,20) (24.5106,21,18.0902) (22.0546,20.7063,19.0729)
(22.0546,20.7063,19.0729) (24.5106,21,18.0902) (22.7472,20.7063,17.5172)
(22.0546,20.7063,19.0729) (22.7472,20.7063,17.5172) (20.606,19.8541,18.2366)
(20.606,19.8541,18.2366) (22.7472,20.7063,17.5172) (21.1565,19.8541,17.0004)
(20.606,19.8541,18.2366) (21.1565,19.8541,17.0004) (19.4565,18.5267,17.5729)
(19.4565,18.5267,17.5729) (21.1565,19.8541,17.0004) (19.894,18.5267,16.5902)
(19.4565,18.5267,17.5729) (19.894,18.5267,16.5902) (18.7184,16.8541,17.1468)
(18.7184,16.8541,17.1468) (19.894,18.5267,16.5902) (19.0835,16.8541,16.3268)
(18.7184,16.8541,17.1468) (19.0835,16.8541,16.3268) (18.4641,15,17)
(18.4641,15,17) (19.0835,16.8541,16.3268) (18.8042,15,16.2361)
(18.4641,15,17) (18.8042,15,16.2361) (18.7184,13.1459,17.1468)
(18.7184,13.1459,17.1468) (18.8042,15,16.2361) (19.0835,13.1459,16.3268)
(18.7184,13.1459,17.1468) (19.0835,13.1459,16.3268) (19.4565,11.4733,17.5729)
(19.4565,11.4733,17.5729) (19.0835,13.1459,16.3268) (19.894,11.4733,16.5902)
(19.4565,11.4733,17.5729) (19.894,11.4733,16.5902) (20.606,10.1459,18.2366)
(20.606,10.1459,18.2366) (19.894,11.4733,16.5902) (21.1565,10.1459,17.0004)
(20.606,10.1459,18.2366) (21.1565,10.1459,17.0004) (22.0546,9.29366,19.0729)
(22.0546,9.29366,19.0729) (21.1565,10.1459,17.0004) (22.7472,9.29366,17.5172)
(22.0546,9.29366,19.0729) (22.7472,9.29366,17.5172) (23.6603,9,20)
(23.6603,9,20) (22.7472,9.29366,17.5172) (24.5106,9,18.0902)
(23.6603,9,20) (24.5106,9,18.0902) (25.266,9.29366,20.9271)
(25.266,9.29366,20.9271) (24.5106,9,18.0902) (26.2739,9.29366,18.6631)
(25.266,9.29366,20.9271) (26.2739,9.29366,18.6631) (26.7145,10.1459,21.7634)
(26.7145,10.1459,21.7634) (26.2739,9.29366,18.6631) (27.8647,10.1459,19.18)
(26.7145,10.1459,21.7634) (27.8647,10.1459,19.18) (27.864,11.4733,22.4271)
(27.864,11.4733,22.4271) (27.8647,10.1459,19.18) (29.1271,11.4733,19.5902)
(27.864,11.4733,22.4271) (29.1271,11.4733,19.5902) (28.6021,13.1459,22.8532)
(28.6021,13.1459,22.8532) (29.1271,11.4733,19.5902) (29.9376,13.1459,19.8535)
(28.6021,13.1459,22.8532) (29.9376,13.1459,19.8535) (28.8564,15,23)
(28.8564,15,23) (29.9376,13.1459,19.8535) (30.2169,15,19.9443)
(30.2169,15,19.9443) (30.9124,15,16.6725) (29.9376,16.8541,19.8535)
(29.9376,16.8541,19.8535) (30.9124,15,16.6725) (30.6203,16.8541,16.6418)
(29.9376,16.8541,19.8535) (30.6203,16.8541,16.6418) (29.1271,18.5267,19.5902)
(29.1271,18.5267,19.5902) (30.6203,16.8541,16.6418) (29.7727,18.5267,16.5527)
(29.1271,18.5267,19.5902) (29.7727,18.5267,16.5527) (27.8647,19.8541,19.18)
(27.8647,19.8541,19.18) (29.7727,18.5267,16.5527) (28.4526,19.8541,16.4139)
(27.8647,19.8541,19.18) (28.4526,19.8541,16.4139) (26.2739,20.7063,18.6631)
(26.2739,20.7063,18.6631) (28.4526,19.8541,16.4139) (26.7892,20.7063,16.2391)
(26.2739,20.7063,18.6631) (26.7892,20.7063,16.2391) (24.5106,21,18.0902)
(24.5106,21,18.0902) (26.7892,20.7063,16.2391) (24.9452,21,16.0453)
(24.5106,21,18.0902) (24.9452,21,16.0453) (22.7472,20.7063,17.5172)
(22.7472,20.7063,17.5172) (24.9452,21,16.0453) (23.1013,20.7063,15.8515)
(22.7472,20.7063,17.5172) (23.1013,20.7063,15.8515) (21.1565,19.8541,17.0004)
(21.1565,19.8541,17.0004) (23.1013,20.7063,15.8515) (21.4378,19.8541,15.6766)
(21.1565,19.8541,17.0004) (21.4378,19.8541,15.6766) (19.894,18.5267,16.5902)
(19.894,18.5267,16.5902) (21.4378,19.8541,15.6766) (20.1177,18.5267,15.5379)
(19.894,18.5267,16.5902) (20.1177,18.5267,15.5379) (19.0835,16.8541,16.3268)
(19.0835,16.8541,16.3268) (20.1177,18.5267,15.5379) (19.2701,16.8541,15.4488)
(19.0835,16.8541,16.3268) (19.2701,16.8541,15.4488) (18.8042,15,16.2361)
(18.8042,15,16.2361) (19.2701,16.8541,15.4488) (18.9781,15,15.4181)
(18.8042,15,16.2361) (18.9781,15,15.4181) (19.0835,13.1459,16.3268)
(19.0835,13.1459,16.3268) (18.9781,15,15.4181) (19.2701,13.1459,15.4488)
(19.0835,13.1459,16.3268) (19.2701,13.1459,15.4488) (19.894,11.4733,16.5902)
(19.894,11.4733,16.5902) (19.2701,13.1459,15.4488) (20.1177,11.4733,15.5379)
(19.894,11.4733,16.5902) (20.1177,11.4733,15.5379) (21.1565,10.1459,17.0004)
(21.1565,10.1459,17.0004) (20.1177,11.4733,15.5379) (21.4378,10.1459,15.6766)
(21.1565,10.1459,17.0004) (21.4378,10.1459,15.6766) (22.7472,9.29366,17.5172)
(22.7472,9.29366,17.5172) (21.4378,10.1459,15.6766) (23.1013,9.29366,15.8515)
(22.7472,9.29366,17.5172) (23.1013,9.29366,15.8515) (24.5106,9,18.0902)
(24.5106,9,18.0902) (23.1013,9.29366,15.8515) (24.9452,9,16.0453)
(24.5106,9,18.0902) (24.9452,9,16.0453) (26.2739,9.29366,18.6631)
(26.2739,9.29366,18.6631) (24.9452,9,16.0453) (26.7892,9.29366,16.2391)
(26.2739,9.29366,18.6631) (26.7892,9.29366,16.2391) (27.8647,10.1459,19.18)
(27.8647,10.1459,19.18) (26.7892,9.29366,16.2391) (28.4526,10.1459,16.4139)
(27.8647,10.1459,19.18) (28.4526,10.1459,16.4139) (29.1271,11.4733,19.5902)
(29.1271,11.4733,19.5902) (28.4526,10.1459,16.4139) (29.7727,11.4733,16.5527)
(29.1271,11.4733,19.5902) (29.7727,11.4733,16.5527) (29.9376,13.1459,19.8535)
(29.9376,13.1459,19.8535) (29.7727,11.4733,16.5527) (30.6203,13.1459,16.6418)
(29.9376,13.1459,19.8535) (30.6203,13.1459,16.6418) (30.2169,15,19.9443)
(30.2169,15,19.9443) (30.6203,13.1459,16.6418) (30.9124,15,16.6725)
(30.9124,15,16.6725) (30.9124,15,13.3275) (30.6203,16.8541,16.6418)
(30.6203,16.8541,16.6418) (30.9124,15,13.3275) (30.6203,16.8541,13.3582)
(30.6203,16.8541,16.6418) (30.6203,16.8541,13.3582) (29.7727,18.5267,16.5527)
(29.7727,18.5267,16.5527) (30.6203,16.8541,13.3582) (29.7727,18.5267,13.4473)
(29.7727,18.5267,16.5527) (29.7727,18.5267,13.4473) (28.4526,19.8541,16.4139)
(28.4526,19.8541,16.4139) (29.7727,18.5267,13.4473) (28.4526,19.8541,13.5861)
(28.4526,19.8541,16.4139) (28.4526,19.8541,13.5861) (26.7892,20.7063,16.2391)
(26.7892,20.7063,16.2391) (28.4526,19.8541,13.5861) (26.7892,20.7063,13.7609)
(26.7892,20.7063,16.2391) (26.7892,20.7063,13.7609) (24.9452,21,16.0453)
(24.9452,21,16.0453) (26.7892,20.7063,13.7609) (24.9452,21,13.9547)
(24.9452,21,16.0453) (24.9452,21,13.9547) (23.1013,20.7063,15.8515)
(23.1013,20.7063,15.8515) (24.9452,21,13.9547) (23.1013,20.7063,14.1485)
(23.1013,20.7063,15.8515) (23.1013,20.7063,14.1485) (21.4378,19.8541,15.6766)
(21.4378,19.8541,15.6766) (23.1013,20.7063,14.1485) (21.4378,19.8541,14.3234)
(21.4378,19.8541,15.6766) (21.4378,19.8541,14.3234) (20.1177,18.5267,15.5379)
(20.1177,18.5267,15.5379) (21.4378,19.8541,14.3234) (20.1177,18.5267,14.4621)
(20.1177,18.5267,15.5379) (20.1177,18.5267,14.4621) (19.2701,16.8541,15.4488)
(19.2701,16.8541,15.4488) (20.1177,18.5267,14.4621) (19.2701,16.8541,14.5512)
(19.2701,16.8541,15.4488) (19.2701,16.8541,14.5512) (18.9781,15,15.4181)
(18.9781,15,15.4181) (19.2701,16.8541,14.5512) (18.9781,15,14.5819)
(18.9781,15,15.4181) (18.9781,15,14.5819) (19.2701,13.1459,15.4488)
(19.2701,13.1459,15.4488) (18.9781,15,14.5819) (19.2701,13.1459,14.5512)
(19.2701,13.1459,15.4488) (19.2701,13.1459,14.5512) (20.1177,11.4733,15.5379)
(20.1177,11.4733,15.5379) (19.2701,13.1459,14.5512) (20.1177,11.4733,14.4621)
(20.1177,11.4733,15.5379) (20.1177,11.4733,14.4621) (21.4378,10.1459,15.6766)
(21.4378,10.1459,15.6766) (20.1177,11.4733,14.4621) (21.4378,10.1459,14.3234)
(21.4378,10.1459,15.6766) (21.4378,10.1459,14.3234) (23.1013,9.29366,15.8515)
(23.1013,9.29366,15.8515) (21.4378,10.1459,14.3234) (23.1013,9.29366,14.1485)
(23.1013,9.29366,15.8515) (23.1013,9.29366,14.1485) (24.9452,9,16.0453)
(24.9452,9,16.0453) (23.1013,9.29366,14.1485) (24.9452,9,13.9547)
(24.9452,9,16.0453) (24.9452,9,13.9547) (26.7892,9.29366,16.2391)
(26.7892,9.29366,16.2391) (24.9452,9,13.9547) (26.7892,9.29366,13.7609)
(26.7892,9.29366,16.2391) (26.7892,9.29366,13.7609) (28.4526,10.1459,16.4139)
(28.4526,10.1459,16.4139) (26.7892,9.29366,13.7609) (28.4526,10.1459,13.5861)
(28.4526,10.1459,16.4139) (28.4526,10.1459,13.5861) (29.7727,11.4733,16.5527)
(29.7727,11.4733,16.5527) (28.4526,10.1459,13.5861) (29.7727,11.4733,13.4473)
(29.7727,11.4733,16.5527) (29.7727,11.4733,13.4473) (30.6203,13.1459,16.6418)
(30.6203,13.1459,16.6418) (29.7727,11.4733,13.4473) (30.6203,13.1459,13.3582)
(30.6203,13.1459,16.6418) (30.6203,13.1459,13.3582) (30.9124,15,16.6725)
(30.9124,15,16.6725) (30.6203,13.1459,13.3582) (30.9124,15,13.3275)
(30.9124,15,13.3275) (30.2169,15,10.0557) (30.6203,16.8541,13.3582)
(30.6203,16.8541,13.3582) (30.2169,15,10.0557) (29.9376,16.8541,10.1465)
(30.6203,16.8541,13.3582) (29.9376,16.8541,10.1465) (29.7727,18.5267,13.4473)
(29.7727,18.5267,13.4473) (29.9376,16.8541,10.1465) (29.1271,18.5267,10.4098)
(29.7727,18.5267,13.4473) (29.1271,18.5267,10.4098) (28.4526,19.8541,13.5861)
(28.4526,19.8541,13.5861) (29.1271,18.5267,10.4098) (27.8647,19.8541,10.82)
(28.4526,19.8541,13.5861) (27.8647,19.8541,10.82) (26.7892,20.7063,13.7609)
(26.7892,20.7063,13.7609) (27.8647,19.8541,10.82) (26.2739,20.7063,11.3369)
(26.7892,20.7063,13.7609) (26.2739,20.7063,11.3369) (24.9452,21,13.9547)
(24.9452,21,13.9547) (26.2739,20.7063,11.3369) (24.5106,21,11.9098)
(24.9452,21,13.9547) (24.5106,21,11.9098) (23.1013,20.7063,14.1485)
(23.1013,20.7063,14.1485) (24.5106,21,11.9098) (22.7472,20.7063,12.4828)
(23.1013,20.7063,14.1485) (22.7472,20.7063,12.4828) (21.4378,19.8541,14.3234)
(21.4378,19.8541,14.3234) (22.7472,20.7063,12.4828) (21.1565,19.8541,12.9996)
(21.4378,19.8541,14.3234) (21.1565,19.8541,12.9996) (20.1177,18.5267,14.4621)
(20.1177,18.5267,14.4621) (21.1565,19.8541,12.9996) (19.894,18.5267,13.4098)
(20.1177,18.5267,14.4621) (19.894,18.5267,13.4098) (19.2701,16.8541,14.5512)
(19.2701,16.8541,14.5512) (19.894,18.5267,13.4098) (19.0835,16.8541,13.6732)
(19.2701,16.8541,14.5512) (19.0835,16.8541,13.6732) (18.9781,15,14.5819)
(18.9781,15,14.5819) (19.0835,16.8541,13.6732) (18.8042,15,13.7639)
(18.9781,15,14.5819) (18.8042,15,13.7639) (19.2701,13.1459,14.5512)
(19.2701,13.1459,14.5512) (18.8042,15,13.7639) (19.0835,13.1459,13.6732)
(19.2701,13.1459,14.5512) (19.0835,13.1459,13.6732) (20.1177,11.4733,14.4621)
(20.1177,11.4733,14.4621) (19.0835,13.1459,13.6732) (19.894,11.4733,13.4098)
(20.1177,11.4733,14.4621) (19.894,11.4733,13.4098) (21.4378,10.1459,14.3234)
(21.4378,10.1459,14.3234) (19.894,11.4733,13.4098) (21.1565,10.1459,12.9996)
(21.4378,10.1459,14.3234) (21.1565,10.1459,12.9996) (23.1013,9.29366,14.1485)
(23.1013,9.29366,14.1485) (21.1565,10.1459,12.9996) (22.7472,9.29366,12.4828)
(23.1013,9.29366,14.1485) (22.7472,9.29366,12.4828) (24.9452,9,13.9547)
(24.9452,9,13.9547) (22.7472,9.29366,12.4828) (24.5106,9,11.9098)
(24.9452,9,13.9547) (24.5106,9,11.9098) (26.7892,9.29366,13.7609)
(26.7892,9.29366,13.7609) (24.5106,9,11.9098) (26.2739,9.29366,11.3369)
(26.7892,9.29366,13.7609) (26.2739,9.29366,11.3369) (28.4526,10.1459,13.5861)
(28.4526,10.1459,13.5861) (26.2739,9.29366,11.3369) (27.8647,10.1459,10.82)
(28.4526,10.1459,13.5861) (27.8647,10.1459,10.82) (29.7727,11.4733,13.4473)
(29.7727,11.4733,13.4473) (27.8647,10.1459,10.82) (29.1271,11.4733,10.4098)
(29.7727,11.4733,13.4473) (29.1271,11.4733,10.4098) (30.6203,13.1459,13.3582)
(30.6203,13.1459,13.3582) (29.1271,11.4733,10.4098) (29.9376,13.1459,10.1465)
(30.6203,13.1459,13.3582) (29.9376,13.1459,10.1465) (30.9124,15,13.3275)
(30.9124,15,13.3275) (29.9376,13.1459,10.1465) (30.2169,15,10.0557)
(30.2169,15,10.0557) (28.8564,15,7) (29.9376,16.8541,10.1465)
(29.9376,16.8541,10.1465) (28.8564,15,7) (28.6021,16.8541,7.14683)
(29.9376,16.8541,10.1465) (28.6021,16.8541,7.14683) (29.1271,18.5267,10.4098)
(29.1271,18.5267,10.4098) (28.6021,16.8541,7.14683) (27.864,18.5267,7.57295)
(29.1271,18.5267,10.4098) (27.864,18.5267,7.57295) (27.8647,19.8541,10.82)
(27.8647,19.8541,10.82) (27.864,18.5267,7.57295) (26.7145,19.8541,8.23664)
(27.8647,19.8541,10.82) (26.7145,19.8541,8.23664) (26.2739,20.7063,11.3369)
(26.2739,20.7063,11.3369) (26.7145,19.8541,8.23664) (25.266,20.7063,9.07295)
(26.2739,20.7063,11.3369) (25.266,20.7063,9.07295) (24.5106,21,11.9098)
(24.5106,21,11.9098) (25.266,20.7063,9.07295) (23.6603,21,10)
(24.5106,21,11.9098) (23.6603,21,10) (22.7472,20.7063,12.4828)
(22.7472,20.7063,12.4828) (23.6603,21,10) (22.0546,20.7063,10.9271)
(22.7472,20.7063,12.4828) (22.0546,20.7063,10.9271) (21.1565,19.8541,12.9996)
(21.1565,19.8541,12.9996) (22.0546,20.7063,10.9271) (20.606,19.8541,11.7634)
(21.1565,19.8541,12.9996) (20.606,19.8541,11.7634) (19.894,18.5267,13.4098)
(19.894,18.5267,13.4098) (20.606,19.8541,11.7634) (19.4565,18.5267,12.4271)
(19.894,18.5267,13.4098) (19.4565,18.5267,12.4271) (19.0835,16.8541,13.6732)
(19.0835,16.8541,13.6732) (19.4565,18.5267,12.4271) (18.7184,16.8541,12.8532)
(19.0835,16.8541,13.6732) (18.7184,16.8541,12.8532) (18.8042,15,13.7639)
(18.8042,15,13.7639) (18.7184,16.8541,12.8532) (18.4641,15,13)
(18.8042,15,13.7639) (18.4641,15,13) (19.0835,13.1459,13.6732)
(19.0835,13.1459,13.6732) (18.4641,15,13) (18.7184,13.1459,12.8532)
(19.0835,13.1459,13.6732) (18.7184,13.1459,12.8532) (19.894,11.4733,13.4098)
(19.894,11.4733,13.4098) (18.7184,13.1459,12.8532) (19.4565,11.4733,12.4271)
(19.894,11.4733,13.4098) (19.4565,11.4733,12.4271) (21.1565,10.1459,12.9996)
(21.1565,10.1459,12.9996) (19.4565,11.4733,12.4271) (20.606,10.1459,11.7634)
(21.1565,10.1459,12.9996) (20.606,10.1459,11.7634) (22.7472,9.29366,12.4828)
(22.7472,9.29366,12.4828) (20.606,10.1459,11.7634) (22.0546,9.29366,10.9271)
(22.7472,9.29366,12.4828) (22.0546,9.29366,10.9271) (24.5106,9,11.9098)
(24.5106,9,11.9098) (22.0546,9.29366,10.9271) (23.6603,9,10)
(24.5106,9,11.9098) (23.6603,9,10) (26.2739,9.29366,11.3369)
(26.2739,9.29366,11.3369) (23.6603,9,10) (25.266,9.29366,9.07295)
(26.2739,9.29366,11.3369) (25.266,9.29366,9.07295) (27.8647,10.1459,10.82)
(27.8647,10.1459,10.82) (25.266,9.29366,9.07295) (26.7145,10.1459,8.23664)
(27.8647,10.1459,10.82) (26.7145,10.1459,8.23664) (29.1271,11.4733,10.4098)
(29.1271,11.4733,10.4098) (26.7145,10.1459,8.23664) (27.864,11.4733,7.57295)
(29.1271,11.4733,10.4098) (27.864,11.4733,7.57295) (29.9376,13.1459,10.1465)
(29.9376,13.1459,10.1465) (27.864,11.4733,7.57295) (28.6021,13.1459,7.14683)
(29.9376,13.1459,10.1465) (28.6021,13.1459,7.14683) (30.2169,15,10.0557)
(30.2169,15,10.0557) (28.6021,13.1459,7.14683) (28.8564,15,7)
(28.8564,15,7) (26.8903,15,4.29391) (28.6021,16.8541,7.14683)
(28.6021,16.8541,7.14683) (26.8903,15,4.29391) (26.6721,16.8541,4.49041)
(28.6021,16.8541,7.14683) (26.6721,16.8541,4.49041) (27.864,18.5267,7.57295)
(27.864,18.5267,7.57295) (26.6721,16.8541,4.49041) (26.0387,18.5267,5.06067)
(27.864,18.5267,7.57295) (26.0387,18.5267,5.06067) (26.7145,19.8541,8.23664)
(26.7145,19.8541,8.23664) (26.0387,18.5267,5.06067) (25.0523,19.8541,5.94886)
(26.7145,19.8541,8.23664) (25.0523,19.8541,5.94886) (25.266,20.7063,9.07295)
(25.266,20.7063,9.07295) (25.0523,19.8541,5.94886) (23.8093,20.7063,7.06806)
(25.266,20.7063,9.07295) (23.8093,20.7063,7.06806) (23.6603,21,10)
(23.6603,21,10) (23.8093,20.7063,7.06806) (22.4314,21,8.30869)
(23.6603,21,10) (22.4314,21,8.30869) (22.0546,20.7063,10.9271)
(22.0546,20.7063,10.9271) (22.4314,21,8.30869) (21.0536,20.7063,9.54933)
(22.0546,20.7063,10.9271) (21.0536,20.7063,9.54933) (20.606,19.8541,11.7634)
(20.606,19.8541,11.7634) (21.0536,20.7063,9.54933) (19.8106,19.8541,10.6685)
(20.606,19.8541,11.7634) (19.8106,19.8541,10.6685) (19.4565,18.5267,12.4271)
(19.4565,18.5267,12.4271) (19.8106,19.8541,10.6685) (18.8241,18.5267,11.5567)
(19.4565,18.5267,12.4271) (18.8241,18.5267,11.5567) (18.7184,16.8541,12.8532)
(18.7184,16.8541,12.8532) (18.8241,18.5267,11.5567) (18.1908,16.8541,12.127)
(18.7184,16.8541,12.8532) (18.1908,16.8541,12.127) (18.4641,15,13)
(18.4641,15,13) (18.1908,16.8541,12.127) (17.9726,15,12.3235)
(18.4641,15,13) (17.9726,15,12.3235) (18.7184,13.1459,12.8532)
(18.7184,13.1459,12.8532) (17.9726,15,12.3235) (18.1908,13.1459,12.127)
(18.7184,13.1459,12.8532) (18.1908,13.1459,12.127) (19.4565,11.4733,12.4271)
(19.4565,11.4733,12.4271) (18.1908,13.1459,12.127) (18.8241,11.4733,11.5567)
(19.4565,11.4733,12.4271) (18.8241,11.4733,11.5567) (20.606,10.1459,11.7634)
(20.606,10.1459,11.7634) (18.8241,11.4733,11.5567) (19.8106,10.1459,10.6685)
(20.606,10.1459,11.7634) (19.8106,10.1459,10.6685) (22.0546,9.29366,10.9271)
(22.0546,9.29366,10.9271) (19.8106,10.1459,10.6685) (21.0536,9.29366,9.54933)
(22.0546,9.29366,10.9271) (21.0536,9.29366,9.54933) (23.6603,9,10)
(23.6603,9,10) (21.0536,9.29366,9.54933) (22.4314,9,8.30869)
(23.6603,9,10) (22.4314,9,8.30869) (25.266,9.29366,9.07295)
(25.266,9.29366,9.07295) (22.4314,9,8.30869) (23.8093,9.29366,7.06806)
(25.266,9.29366,9.07295) (23.8093,9.29366,7.06806) (26.7145,10.1459,8.23664)
(26.7145,10.1459,8.23664) (23.8093,9.29366,7.06806) (25.0523,10.1459,5.94886)
(26.7145,10.1459,8.23664) (25.0523,10.1459,5.94886) (27.864,11.4733,7.57295)
(27.864,11.4733,7.57295) (25.0523,10.1459,5.94886) (26.0387,11.4733,5.06067)
(27.864,11.4733,7.57295) (26.0387,11.4733,5.06067) (28.6021,13.1459,7.14683)
(28.6021,13.1459,7.14683) (26.0387,11.4733,5.06067) (26.6721,13.1459,4.49041)
(28.6021,13.1459,7.14683) (26.6721,13.1459,4.49041) (28.8564,15,7)
(28.8564,15,7) (26.6721,13.1459,4.49041) (26.8903,15,4.29391)
(26.8903,15,4.29391) (24.4046,15,2.05573) (26.6721,16.8541,4.49041)
(26.6721,16.8541,4.49041) (24.4046,15,2.05573) (24.232,16.8541,2.2933)
(26.6721,16.8541,4.49041) (24.232,16.8541,2.2933) (26.0387,18.5267,5.06067)
(26.0387,18.5267,5.06067) (24.232,16.8541,2.2933) (23.731,18.5267,2.98278)
(26.0387,18.5267,5.06067) (23.731,18.5267,2.98278) (25.0523,19.8541,5.94886)
(25.0523,19.8541,5.94886) (23.731,18.5267,2.98278) (22.9508,19.8541,4.05666)
(25.0523,19.8541,5.94886) (22.9508,19.8541,4.05666) (23.8093,20.7063,7.06806)
(23.8093,20.7063,7.06806) (22.9508,19.8541,4.05666) (21.9677,20.7063,5.40983)
(23.8093,20.7063,7.06806) (21.9677,20.7063,5.40983) (22.4314,21,8.30869)
(22.4314,21,8.30869) (21.9677,20.7063,5.40983) (20.8779,21,6.90983)
(22.4314,21,8.30869) (20.8779,21,6.90983) (21.0536,20.7063,9.54933)
(21.0536,20.7063,9.54933) (20.8779,21,6.90983) (19.788,20.7063,8.40983)
(21.0536,20.7063,9.54933) (19.788,20.7063,8.40983) (19.8106,19.8541,10.6685)
(19.8106,19.8541,10.6685) (19.788,20.7063,8.40983) (18.8049,19.8541,9.763)
(19.8106,19.8541,10.6685) (18.8049,19.8541,9.763) (18.8241,18.5267,11.5567)
(18.8241,18.5267,11.5567) (18.8049,19.8541,9.763) (18.0247,18.5267,10.8369)
(18.8241,18.5267,11.5567) (18.0247,18.5267,10.8369) (18.1908,16.8541,12.127)
(18.1908,16.8541,12.127) (18.0247,18.5267,10.8369) (17.5238,16.8541,11.5264)
(18.1908,16.8541,12.127) (17.5238,16.8541,11.5264) (17.9726,15,12.3235)
(17.9726,15,12.3235) (17.5238,16.8541,11.5264) (17.3511,15,11.7639)
(17.9726,15,12.3235) (17.3511,15,11.7639) (18.1908,13.1459,12.127)
(18.1908,13.1459,12.127) (17.3511,15,11.7639) (17.5238,13.1459,11.5264)
(18.1908,13.1459,12.127) (17.5238,13.1459,11.5264) (18.8241,11.4733,11.5567)
(18.8241,11.4733,11.5567) (17.5238,13.1459,11.5264) (18.0247,11.4733,10.8369)
(18.8241,11.4733,11.5567) (18.0247,11.4733,10.8369) (19.8106,10.1459,10.6685)
(19.8106,10.1459,10.6685) (18.0247,11.4733,10.8369) (18.8049,10.1459,9.763)
(19.8106,10.1459,10.6685) (18.8049,10.1459,9.763) (21.0536,9.29366,9.54933)
(21.0536,9.29366,9.54933) (18.8049,10.1459,9.763) (19.788,9.29366,8.40983)
(21.0536,9.29366,9.54933) (19.788,9.29366,8.40983) (22.4314,9,8.30869)
(22.4314,9,8.30869) (19.788,9.29366,8.40983) (20.8779,9,6.90983)
(22.4314,9,8.30869) (20.8779,9,6.90983) (23.8093,9.29366,7.06806)
(23.8093,9.29366,7.06806) (20.8779,9,6.90983) (21.9677,9.29366,5.40983)
(23.8093,9.29366,7.06806) (21.9677,9.29366,5.40983) (25.0523,10.1459,5.94886)
(25.0523,10.1459,5.94886) (21.9677,9.29366,5.40983) (22.9508,10.1459,4.05666)
(25.0523,10.1459,5.94886) (22.9508,10.1459,4.05666) (26.0387,11.4733,5.06067)
(26.0387,11.4733,5.06067) (22.9508,10.1459,4.05666) (23.731,11.4733,2.98278)
(26.0387,11.4733,5.06067) (23.731,11.4733,2.98278) (26.6721,13.1459,4.49041)
(26.6721,13.1459,4.49041) (23.731,11.4733,2.98278) (24.232,13.1459,2.2933)
(26.6721,13.1459,4.49041) (24.232,13.1459,2.2933) (26.8903,15,4.29391)
(26.8903,15,4.29391) (24.232,13.1459,2.2933) (24.4046,15,2.05573)
(24.4046,15,2.05573) (21.5078,15,0.383273) (24.232,16.8541,2.2933)
(24.232,16.8541,2.2933) (21.5078,15,0.383273) (21.3883,16.8541,0.651545)
(24.232,16.8541,2.2933) (21.3883,16.8541,0.651545) (23.731,18.5267,2.98278)
(23.731,18.5267,2.98278) (21.3883,16.8541,0.651545) (21.0417,18.5267,1.4301)
(23.731,18.5267,2.98278) (21.0417,18.5267,1.4301) (22.9508,19.8541,4.05666)
(22.9508,19.8541,4.05666) (21.0417,18.5267,1.4301) (20.5018,19.8541,2.64273)
(22.9508,19.8541,4.05666) (20.5018,19.8541,2.64273) (21.9677,20.7063,5.40983)
(21.9677,20.7063,5.40983) (20.5018,19.8541,2.64273) (19.8215,20.7063,4.17074)
(21.9677,20.7063,5.40983) (19.8215,20.7063,4.17074) (20.8779,21,6.90983)
(20.8779,21,6.90983) (19.8215,20.7063,4.17074) (19.0674,21,5.86455)
(20.8779,21,6.90983) (19.0674,21,5.86455) (19.788,20.7063,8.40983)
(19.788,20.7063,8.40983) (19.0674,21,5.86455) (18.3132,20.7063,7.55835)
(19.788,20.7063,8.40983) (18.3132,20.7063,7.55835) (18.8049,19.8541,9.763)
(18.8049,19.8541,9.763) (18.3132,20.7063,7.55835) (17.6329,19.8541,9.08636)
(18.8049,19.8541,9.763) (17.6329,19.8541,9.08636) (18.0247,18.5267,10.8369)
(18.0247,18.5267,10.8369) (17.6329,19.8541,9.08636) (17.093,18.5267,10.299)
(18.0247,18.5267,10.8369) (17.093,18.5267,10.299) (17.5238,16.8541,11.5264)
(17.5238,16.8541,11.5264) (17.093,18.5267,10.299) (16.7464,16.8541,11.0775)
(17.5238,16.8541,11.5264) (16.7464,16.8541,11.0775) (17.3511,15,11.7639)
(17.3511,15,11.7639) (16.7464,16.8541,11.0775) (16.6269,15,11.3458)
(17.3511,15,11.7639) (16.6269,15,11.3458) (17.5238,13.1459,11.5264)
(17.5238,13.1459,11.5264) (16.6269,15,11.3458) (16.7464,13.1459,11.0775)
(17.5238,13.1459,11.5264) (16.7464,13.1459,11.0775) (18.0247,11.4733,10.8369)
(18.0247,11.4733,10.8369) (16.7464,13.1459,11.0775) (17.093,11.4733,10.299)
(18.0247,11.4733,10.8369) (17.093,11.4733,10.299) (18.8049,10.1459,9.763)
(18.8049,10.1459,9.763) (17.093,11.4733,10.299) (17.6329,10.1459,9.08636)
(18.8049,10.1459,9.763) (17.6329,10.1459,9.08636) (19.788,9.29366,8.40983)
(19.788,9.29366,8.40983) (17.6329,10.1459,9.08636) (18.3132,9.29366,7.55835)
(19.788,9.29366,8.40983) (18.3132,9.29366,7.55835) (20.8779,9,6.90983)
(20.8779,9,6.90983) (18.3132,9.29366,7.55835) (19.0674,9,5.86455)
(20.8779,9,6.90983) (19.0674,9,5.86455) (21.9677,9.29366,5.40983)
(21.9677,9.29366,5.40983) (19.0674,9,5.86455) (19.8215,9.29366,4.17074)
(21.9677,9.29366,5.40983) (19.8215,9.29366,4.17074) (22.9508,10.1459,4.05666)
(22.9508,10.1459,4.05666) (19.8215,9.29366,4.17074) (20.5018,10.1459,2.64273)
(22.9508,10.1459,4.05666) (20.5018,10.1459,2.64273) (23.731,11.4733,2.98278)
(23.731,11.4733,2.98278) (20.5018,10.1459,2.64273) (21.0417,11.4733,1.4301)
(23.731,11.4733,2.98278) (21.0417,11.4733,1.4301) (24.232,13.1459,2.2933)
(24.232,13.1459,2.2933) (21.0417,11.4733,1.4301) (21.3883,13.1459,0.651545)
(24.232,13.1459,2.2933) (21.3883,13.1459,0.651545) (24.4046,15,2.05573)
(24.4046,15,2.05573) (21.3883,13.1459,0.651545) (21.5078,15,0.383273)
(21.5078,15,0.383273) (18.3266,15,-0.650362) (21.3883,16.8541,0.651545)
(21.3883,16.8541,0.651545) (18.3266,15,-0.650362) (18.2655,16.8541,-0.363118)
(21.3883,16.8541,0.651545) (18.2655,16.8541,-0.363118) (21.0417,18.5267,1.4301)
(21.0417,18.5267,1.4301) (18.2655,16.8541,-0.363118) (18.0883,18.5267,0.470496)
(21.0417,18.5267,1.4301) (18.0883,18.5267,0.470496) (20.5018,19.8541,2.64273)
(20.5018,19.8541,2.64273) (18.0883,18.5267,0.470496) (17.8124,19.8541,1.76888)
(20.5018,19.8541,2.64273) (17.8124,19.8541,1.76888) (19.8215,20.7063,4.17074)
(19.8215,20.7063,4.17074) (17.8124,19.8541,1.76888) (17.4646,20.7063,3.40494)
(19.8215,20.7063,4.17074) (17.4646,20.7063,3.40494) (19.0674,21,5.86455)
(19.0674,21,5.86455) (17.4646,20.7063,3.40494) (17.0791,21,5.21852)
(19.0674,21,5.86455) (17.0791,21,5.21852) (18.3132,20.7063,7.55835)
(18.3132,20.7063,7.55835) (17.0791,21,5.21852) (16.6936,20.7063,7.03211)
(18.3132,20.7063,7.55835) (16.6936,20.7063,7.03211) (17.6329,19.8541,9.08636)
(17.6329,19.8541,9.08636) (16.6936,20.7063,7.03211) (16.3459,19.8541,8.66817)
(17.6329,19.8541,9.08636) (16.3459,19.8541,8.66817) (17.093,18.5267,10.299)
(17.093,18.5267,10.299) (16.3459,19.8541,8.66817) (16.0699,18.5267,9.96655)
(17.093,18.5267,10.299) (16.0699,18.5267,9.96655) (16.7464,16.8541,11.0775)
(16.7464,16.8541,11.0775) (16.0699,18.5267,9.96655) (15.8927,16.8541,10.8002)
(16.7464,16.8541,11.0775) (15.8927,16.8541,10.8002) (16.6269,15,11.3458)
(16.6269,15,11.3458) (15.8927,16.8541,10.8002) (15.8316,15,11.0874)
(16.6269,15,11.3458) (15.8316,15,11.0874) (16.7464,13.1459,11.0775)
(16.7464,13.1459,11.0775) (15.8316,15,11.0874) (15.8927,13.1459,10.8002)
(16.7464,13.1459,11.0775) (15.8927,13.1459,10.8002) (17.093,11.4733,10.299)
(17.093,11.4733,10.299) (15.8927,13.1459,10.8002) (16.0699,11.4733,9.96655)
(17.093,11.4733,10.299) (16.0699,11.4733,9.96655) (17.6329,10.1459,9.08636)
(17.6329,10.1459,9.08636) (16.0699,11.4733,9.96655) (16.3459,10.1459,8.66817)
(17.6329,10.1459,9.08636) (16.3459,10.1459,8.66817) (18.3132,9.29366,7.55835)
(18.3132,9.29366,7.55835) (16.3459,10.1459,8.66817) (16.6936,9.29366,7.03211)
(18.3132,9.29366,7.55835) (16.6936,9.29366,7.03211) (19.0674,9,5.86455)
(19.0674,9,5.86455) (16.6936,9.29366,7.03211) (17.0791,9,5.21852)
(19.0674,9,5.86455) (17.0791,9,5.21852) (19.8215,9.29366,4.17074)
(19.8215,9.29366,4.17074) (17.0791,9,5.21852) (17.4646,9.29366,3.40494)
(19.8215,9.29366,4.17074) (17.4646,9.29366,3.40494) (20.5018,10.1459,2.64273)
(20.5018,10.1459,2.64273) (17.4646,9.29366,3.40494) (17.8124,10.1459,1.76888)
(20.5018,10.1459,2.64273) (17.8124,10.1459,1.76888) (21.0417,11.4733,1.4301)
(21.0417,11.4733,1.4301) (17.8124,10.1459,1.76888) (18.0883,11.4733,0.470496)
(21.0417,11.4733,1.4301) (18.0883,11.4733,0.470496) (21.3883,13.1459,0.651545)
(21.3883,13.1459,0.651545) (18.0883,11.4733,0.470496) (18.2655,13.1459,-0.363118)
(21.3883,13.1459,0.651545) (18.2655,13.1459,-0.363118) (21.5078,15,0.383273)
(21.5078,15,0.383273) (18.2655,13.1459,-0.363118) (18.3266,15,-0.650362)
(18.3266,15,-0.650362) (15,15,-1) (18.2655,16.8541,-0.363118)
(18.2655,16.8541,-0.363118) (15,15,-1) (15,16.8541,-0.706339)
(18.2655,16.8541,-0.363118) (15,16.8541,-0.706339) (18.0883,18.5267,0.470496)
(18.0883,18.5267,0.470496) (15,16.8541,-0.706339) (15,18.5267,0.145898)
(18.0883,18.5267,0.470496) (15,18.5267,0.145898) (17.8124,19.8541,1.76888)
(17.8124,19.8541,1.76888) (15,18.5267,0.145898) (15,19.8541,1.47329)
(17.8124,19.8541,1.76888) (15,19.8541,1.47329) (17.4646,20.7063,3.40494)
(17.4646,20.7063,3.40494) (15,19.8541,1.47329) (15,20.7063,3.1459)
(17.4646,20.7063,3.40494) (15,20.7063,3.1459) (17.0791,21,5.21852)
(17.0791,21,5.21852) (15,20.7063,3.1459) (15,21,5)
(17.0791,21,5.21852) (15,21,5) (16.6936,20.7063,7.03211)
(16.6936,20.7063,7.03211) (15,21,5) (15,20.7063,6.8541)
(16.6936,20.7063,7.03211) (15,20.7063,6.8541) (16.3459,19.8541,8.66817)
(16.3459,19.8541,8.66817) (15,20.7063,6.8541) (15,19.8541,8.52671)
(16.3459,19.8541,8.66817) (15,19.8541,8.52671) (16.0699,18.5267,9.96655)
(16.0699,18.5267,9.96655) (15,19.8541,8.52671) (15,18.5267,9.8541)
(16.0699,18.5267,9.96655) (15,18.5267,9.8541) (15.8927,16.8541,10.8002)
(15.8927,16.8541,10.8002) (15,18.5267,9.8541) (15,16.8541,10.7063)
(15.8927,16.8541,10.8002) (15,16.8541,10.7063) (15.8316,15,11.0874)
(15.8316,15,11.0874) (15,16.8541,10.7063) (15,15,11)
(15.8316,15,11.0874) (15,15,11) (15.8927,13.1459,10.8002)
(15.8927,13.1459,10.8002) (15,15,11) (15,13.1459,10.7063)
(15.8927,13.1459,10.8002) (15,13.1459,10.7063) (16.0699,11.4733,9.96655)
(16.0699,11.4733,9.96655) (15,13.1459,10.7063) (15,11.4733,9.8541)
(16.0699,11.4733,9.96655) (15,11.4733,9.8541) (16.3459,10.1459,8.66817)
(16.3459,10.1459,8.66817) (15,11.4733,9.8541) (15,10.1459,8.52671)
(16.3459,10.1459,8.66817) (15,10.1459,8.52671) (16.6936,9.29366,7.03211)
(16.6936,9.29366,7.03211) (15,10.1459,8.52671) (15,9.29366,6.8541)
(16.6936,9.29366,7.03211) (15,9.29366,6.8541) (17.0791,9,5.21852)
(17.0791,9,5.21852) (15,9.29366,6.8541) (15,9,5)
(17.0791,9,5.21852) (15,9,5) (17.4646,9.29366,3.40494)
(17.4646,9.29366,3.40494) (15,9,5) (15,9.29366,3.1459)
(17.4646,9.29366,3.40494) (15,9.29366,3.1459) (17.8124,10.1459,1.76888)
(17.8124,10.1459,1.76888) (15,9.29366,3.1459) (15,10.1459,1.47329)
(17.8124,10.1459,1.76888) (15,10.1459,1.47329) (18.0883,11.4733,0.470496)
(18.0883,11.4733,0.470496) (15,10.1459,1.47329) (15,11.4733,0.145898)
(18.0883,11.4733,0.470496) (15,11.4733,0.145898) (18.2655,13.1459,-0.363118)
(18.2655,13.1459,-0.363118) (15,11.4733,0.145898) (15,13.1459,-0.706339)
(18.2655,13.1459,-0.363118) (15,13.1459,-0.706339) (18.3266,15,-0.650362)
(18.3266,15,-0.650362) (15,13.1459,-0.706339) (15,15,-1)
(15,15,-1) (11.6734,15,-0.650362) (15,16.8541,-0.706339)
(15,16.8541,-0.706339) (11.6734,15,-0.650362) (11.7345,16.8541,-0.363118)
(15,16.8541,-0.706339) (11.7345,16.8541,-0.363118) (15,18.5267,0.145898)
(15,18.5267,0.145898) (11.7345,16.8541,-0.363118) (11.9117,18.5267,0.470496)
(15,18.5267,0.145898) (11.9117,18.5267,0.470496) (15,19.8541,1.47329)
(15,19.8541,1.47329) (11.9117,18.5267,0.470496) (12.1876,19.8541,1.76888)
(15,19.8541,1.47329) (12.1876,19.8541,1.76888) (15,20.7063,3.1459)
(15,20.7063,3.1459) (12.1876,19.8541,1.76888) (12.5354,20.7063,3.40494)
(15,20.7063,3.1459) (12.5354,20.7063,3.40494) (15,21,5)
(15,21,5) (12.5354,20.7063,3.40494) (12.9209,21,5.21852)
(15,21,5) (12.9209,21,5.21852) (15,20.7063,6.8541)
(15,20.7063,6.8541) (12.9209,21,5.21852) (13.3064,20.7063,7.03211)
(15,20.7063,6.8541) (13.3064,20.7063,7.03211) (15,19.8541,8.52671)
(15,19.8541,8.52671) (13.3064,20.7063,7.03211) (13.6541,19.8541,8.66817)
(15,19.8541,8.52671) (13.6541,19.8541,8.66817) (15,18.5267,9.8541)
(15,18.5267,9.8541) (13.6541,19.8541,8.66817) (13.9301,18.5267,9.96655)
(15,18.5267,9.8541) (13.9301,18.5267,9.96655) (15,16.8541,10.7063)
(15,16.8541,10.7063) (13.9301,18.5267,9.96655) (14.1073,16.8541,10.8002)
(15,16.8541,10.7063) (14.1073,16.8541,10.8002) (15,15,11)
(15,15,11) (14.1073,16.8541,10.8002) (14.1684,15,11.0874)
(15,15,11) (14.1684,15,11.0874) (15,13.1459,10.7063)
(15,13.1459,10.7063) (14.1684,15,11.0874) (14.1073,13.1459,10.8002)
(15,13.1459,10.7063) (14.1073,13.1459,10.8002) (15,11.4733,9.8541)
(15,11.4733,9.8541) (14.1073,13.1459,10.8002) (13.9301,11.4733,9.96655)
(15,11.4733,9.8541) (13.9301,11.4733,9.96655) (15,10.1459,8.52671)
(15,10.1459,8.52671) (13.9301,11.4733,9.96655) (13.6541,10.1459,8.66817)
(15,10.1459,8.52671) (13.6541,10.1459,8.66817) (15,9.29366,6.8541)
(15,9.29366,6.8541) (13.6541,10.1459,8.66817) (13.3064,9.29366,7.03211)
(15,9.29366,6.8541) (13.3064,9.29366,7.03211) (15,9,5)
(15,9,5) (13.3064,9.29366,7.03211) (12.9209,9,5.21852)
(15,9,5) (12.9209,9,5.21852) (15,9.29366,3.1459)
(15,9.29366,3.1459) (12.9209,9,5.21852) (12.5354,9.29366,3.40494)
(15,9.29366,3.1459) (12.5354,9.29366,3.40494) (15,10.1459,1.47329)
(15,10.1459,1.47329) (12.5354,9.29366,3.40494) (12.1876,10.1459,1.76888)
(15,10.1459,1.47329) (12.1876,10.1459,1.76888) (15,11.4733,0.145898)
(15,11.4733,0.145898) (12.1876,10.1459,1.76888) (11.9117,11.4733,0.470496)
(15,11.4733,0.145898) (11.9117,11.4733,0.470496) (15,13.1459,-0.706339)
(15,13.1459,-0.706339) (11.9117,11.4733,0.470496) (11.7345,13.1459,-0.363118)
(15,13.1459,-0.706339) (11.7345,13.1459,-0.363118) (15,15,-1)
(15,15,-1) (11.7345,13.1459,-0.363118) (11.6734,15,-0.650362)
(11.6734,15,-0.650362) (8.49221,15,0.383273) (11.7345,16.8541,-0.363118)
(11.7345,16.8541,-0.363118) (8.49221,15,0.383273) (8.61166,16.8541,0.651545)
(11.7345,16.8541,-0.363118) (8.61166,16.8541,0.651545) (11.9117,18.5267,0.470496)
(11.9117,18.5267,0.470496) (8.61166,16.8541,0.651545) (8.95829,18.5267,1.4301)
(11.9117,18.5267,0.470496) (8.95829,18.5267,1.4301) (12.1876,19.8541,1.76888)
(12.1876,19.8541,1.76888) (8.95829,18.5267,1.4301) (9.49819,19.8541,2.64273)
(12.1876,19.8541,1.76888) (9.49819,19.8541,2.64273) (12.5354,20.7063,3.40494)
(12.5354,20.7063,3.40494) (9.49819,19.8541,2.64273) (10.1785,20.7063,4.17074)
(12.5354,20.7063,3.40494) (10.1785,20.7063,4.17074) (12.9209,21,5.21852)
(12.9209,21,5.21852) (10.1785,20.7063,4.17074) (10.9326,21,5.86455)
(12.9209,21,5.21852) (10.9326,21,5.86455) (13.3064,20.7063,7.03211)
(13.3064,20.7063,7.03211) (10.9326,21,5.86455) (11.6868,20.7063,7.55835)
(13.3064,20.7063,7.03211) (11.6868,20.7063,7.55835) (13.6541,19.8541,8.66817)
(13.6541,19.8541,8.66817) (11.6868,20.7063,7.55835) (12.3671,19.8541,9.08636)
(13.6541,19.8541,8.66817) (12.3671,19.8541,9.08636) (13.9301,18.5267,9.96655)
(13.9301,18.5267,9.96655) (12.3671,19.8541,9.08636) (12.907,18.5267,10.299)
(13.9301,18.5267,9.96655) (12.907,18.5267,10.299) (14.1073,16.8541,10.8002)
(14.1073,16.8541,10.8002) (12.907,18.5267,10.299) (13.2536,16.8541,11.0775)
(14.1073,16.8541,10.8002) (13.2536,16.8541,11.0775) (14.1684,15,11.0874)
(14.1684,15,11.0874) (13.2536,16.8541,11.0775) (13.3731,15,11.3458)
(14.1684,15,11.0874) (13.3731,15,11.3458) (14.1073,13.1459,10.8002)
(14.1073,13.1459,10.8002) (13.3731,15,11.3458) (13.2536,13.1459,11.0775)
(14.1073,13.1459,10.8002) (13.2536,13.1459,11.0775) (13.9301,11.4733,9.96655)
(13.9301,11.4733,9.96655) (13.2536,13.1459,11.0775) (12.907,11.4733,10.299)
(13.9301,11.4733,9.96655) (12.907,11.4733,10.299) (13.6541,10.1459,8.66817)
(13.6541,10.1459,8.66817) (12.907,11.4733,10.299) (12.3671,10.1459,9.08636)
(13.6541,10.1459,8.66817) (12.3671,10.1459,9.08636) (13.3064,9.29366,7.03211)
(13.3064,9.29366,7.03211) (12.3671,10.1459,9.08636) (11.6868,9.29366,7.55835)
(13.3064,9.29366,7.03211) (11.6868,9.29366,7.55835) (12.9209,9,5.21852)
(12.9209,9,5.21852) (11.6868,9.29366,7.55835) (10.9326,9,5.86455)
(12.9209,9,5.21852) (10.9326,9,5.86455) (12.5354,9.29366,3.40494)
(12.5354,9.29366,3.40494) (10.9326,9,5.86455) (10.1785,9.29366,4.17074)
(12.5354,9.29366,3.40494) (10.1785,9.29366,4.17074) (12.1876,10.1459,1.76888)
(12.1876,10.1459,1.76888) (10.1785,9.29366,4.17074) (9.49819,10.1459,2.64273)
(12.1876,10.1459,1.76888) (9.49819,10.1459,2.64273) (11.9117,11.4733,0.470496)
(11.9117,11.4733,0.470496) (9.49819,10.1459,2.64273) (8.95829,11.4733,1.4301)
(11.9117,11.4733,0.470496) (8.95829,11.4733,1.4301) (11.7345,13.1459,-0.363118)
(11.7345,13.1459,-0.363118) (8.95829,11.4733,1.4301) (8.61166,13.1459,0.651545)
(11.7345,13.1459,-0.363118) (8.61166,13.1459,0.651545) (11.6734,15,-0.650362)
(11.6734,15,-0.650362) (8.61166,13.1459,0.651545) (8.49221,15,0.383273)
(8.49221,15,0.383273) (5.59544,15,2.05573) (8.61166,16.8541,0.651545)
(8.61166,16.8541,0.651545) (5.59544,15,2.05573) (5.76805,16.8541,2.2933)
(8.61166,16.8541,0.651545) (5.76805,16.8541,2.2933) (8.95829,18.5267,1.4301)
(8.95829,18.5267,1.4301) (5.76805,16.8541,2.2933) (6.26898,18.5267,2.98278)
(8.95829,18.5267,1.4301) (6.26898,18.5267,2.98278) (9.49819,19.8541,2.64273)
(9.49819,19.8541,2.64273) (6.26898,18.5267,2.98278) (7.0492,19.8541,4.05666)
(9.49819,19.8541,2.64273) (7.0492,19.8541,4.05666) (10.1785,20.7063,4.17074)
(10.1785,20.7063,4.17074) (7.0492,19.8541,4.05666) (8.03233,20.7063,5.40983)
(10.1785,20.7063,4.17074) (8.03233,20.7063,5.40983) (10.9326,21,5.86455)
(10.9326,21,5.86455) (8.03233,20.7063,5.40983) (9.12215,21,6.90983)
(10.9326,21,5.86455) (9.12215,21,6.90983) (11.6868,20.7063,7.55835)
(11.6868,20.7063,7.55835) (9.12215,21,6.90983) (10.212,20.7063,8.40983)
(11.6868,20.7063,7.55835) (10.212,20.7063,8.40983) (12.3671,19.8541,9.08636)
(12.3671,19.8541,9.08636) (10.212,20.7063,8.40983) (11.1951,19.8541,9.763)
(12.3671,19.8541,9.08636) (11.1951,19.8541,9.763) (12.907,18.5267,10.299)
(12.907,18.5267,10.299) (11.1951,19.8541,9.763) (11.9753,18.5267,10.8369)
(12.907,18.5267,10.299) (11.9753,18.5267,10.8369) (13.2536,16.8541,11.0775)
(13.2536,16.8541,11.0775) (11.9753,18.5267,10.8369) (12.4762,16.8541,11.5264)
(13.2536,16.8541,11.0775) (12.4762,16.8541,11.5264) (13.3731,15,11.3458)
(13.3731,15,11.3458) (12.4762,16.8541,11.5264) (12.6489,15,11.7639)
(13.3731,15,11.3458) (12.6489,15,11.7639) (13.2536,13.1459,11.0775)
(13.2536,13.1459,11.0775) (12.6489,15,11.7639) (12.4762,13.1459,11.5264)
(13.2536,13.1459,11.0775) (12.4762,13.1459,11.5264) (12.907,11.4733,10.299)
(12.907,11.4733,10.299) (12.4762,13.1459,11.5264) (11.9753,11.4733,10.8369)
(12.907,11.4733,10.299) (11.9753,11.4733,10.8369) (12.3671,10.1459,9.08636)
(12.3671,10.1459,9.08636) (11.9753,11.4733,10.8369) (11.1951,10.1459,9.763)
(12.3671,10.1459,9.08636) (11.1951,10.1459,9.763) (11.6868,9.29366,7.55835)
(11.6868,9.29366,7.55835) (11.1951,10.1459,9.763) (10.212,9.29366,8.40983)
(11.6868,9.29366,7.55835) (10.212,9.29366,8.40983) (10.9326,9,5.86455)
(10.9326,9,5.86455) (10.212,9.29366,8.40983) (9.12215,9,6.90983)
(10.9326,9,5.86455) (9.12215,9,6.90983) (10.1785,9.29366,4.17074)
(10.1785,9.29366,4.17074) (9.12215,9,6.90983) (8.03233,9.29366,5.40983)
(10.1785,9.29366,4.17074) (8.03233,9.29366,5.40983) (9.49819,10.1459,2.64273)
(9.49819,10.1459,2.64273) (8.03233,9.29366,5.40983) (7.0492,10.1459,4.05666)
(9.49819,10.1459,2.64273) (7.0492,10.1459,4.05666) (8.95829,11.4733,1.4301)
(8.95829,11.4733,1.4301) (7.0492,10.1459,4.05666) (6.26898,11.4733,2.98278)
(8.95829,11.4733,1.4301) (6.26898,11.4733,2.98278) (8.61166,13.1459,0.651545)
(8.61166,13.1459,0.651545) (6.26898,11.4733,2.98278) (5.76805,13.1459,2.2933)
(8.61166,13.1459,0.651545) (5.76805,13.1459,2.2933) (8.49221,15,0.383273)
(8.49221,15,0.383273) (5.76805,13.1459,2.2933) (5.59544,15,2.05573)
(5.59544,15,2.05573) (3.10968,15,4.29391) (5.76805,16.8541,2.2933)
(5.76805,16.8541,2.2933) (3.10968,15,4.29391) (3.32792,16.8541,4.49041)
(5.76805,16.8541,2.2933) (3.32792,16.8541,4.49041) (6.26898,18.5267,2.98278)
(6.26898,18.5267,2.98278) (3.32792,16.8541,4.49041) (3.96125,18.5267,5.06067)
(6.26898,18.5267,2.98278) (3.96125,18.5267,5.06067) (7.0492,19.8541,4.05666)
(7.0492,19.8541,4.05666) (3.96125,18.5267,5.06067) (4.94769,19.8541,5.94886)
(7.0492,19.8541,4.05666) (4.94769,19.8541,5.94886) (8.03233,20.7063,5.40983)
(8.03233,20.7063,5.40983) (4.94769,19.8541,5.94886) (6.19069,20.7063,7.06806)
(8.03233,20.7063,5.40983) (6.19069,20.7063,7.06806) (9.12215,21,6.90983)
(9.12215,21,6.90983) (6.19069,20.7063,7.06806) (7.56855,21,8.30869)
(9.12215,21,6.90983) (7.56855,21,8.30869) (10.212,20.7063,8.40983)
(10.212,20.7063,8.40983) (7.56855,21,8.30869) (8.94642,20.7063,9.54933)
(10.212,20.7063,8.40983) (8.94642,20.7063,9.54933) (11.1951,19.8541,9.763)
(11.1951,19.8541,9.763) (8.94642,20.7063,9.54933) (10.1894,19.8541,10.6685)
(11.1951,19.8541,9.763) (10.1894,19.8541,10.6685) (11.9753,18.5267,10.8369)
(11.9753,18.5267,10.8369) (10.1894,19.8541,10.6685) (11.1759,18.5267,11.5567)
(11.9753,18.5267,10.8369) (11.1759,18.5267,11.5567) (12.4762,16.8541,11.5264)
(12.4762,16.8541,11.5264) (11.1759,18.5267,11.5567) (11.8092,16.8541,12.127)
(12.4762,16.8541,11.5264) (11.8092,16.8541,12.127) (12.6489,15,11.7639)
(12.6489,15,11.7639) (11.8092,16.8541,12.127) (12.0274,15,12.3235)
(12.6489,15,11.7639) (12.0274,15,12.3235) (12.4762,13.1459,11.5264)
(12.4762,13.1459,11.5264) (12.0274,15,12.3235) (11.8092,13.1459,12.127)
(12.4762,13.1459,11.5264) (11.8092,13.1459,12.127) (11.9753,11.4733,10.8369)
(11.9753,11.4733,10.8369) (11.8092,13.1459,12.127) (11.1759,11.4733,11.5567)
(11.9753,11.4733,10.8369) (11.1759,11.4733,11.5567) (11.1951,10.1459,9.763)
(11.1951,10.1459,9.763) (11.1759,11.4733,11.5567) (10.1894,10.1459,10.6685)
(11.1951,10.1459,9.763) (10.1894,10.1459,10.6685) (10.212,9.29366,8.40983)
(10.212,9.29366,8.40983) (10.1894,10.1459,10.6685) (8.94642,9.29366,9.54933)
(10.212,9.29366,8.40983) (8.94642,9.29366,9.54933) (9.12215,9,6.90983)
(9.12215,9,6.90983) (8.94642,9.29366,9.54933) (7.56855,9,8.30869)
(9.12215,9,6.90983) (7.56855,9,8.30869) (8.03233,9.29366,5.40983)
(8.03233,9.29366,5.40983) (7.56855,9,8.30869) (6.19069,9.29366,7.06806)
(8.03233,9.29366,5.40983) (6.19069,9.29366,7.06806) (7.0492,10.1459,4.05666)
(7.0492,10.1459,4.05666) (6.19069,9.29366,7.06806) (4.94769,10.1459,5.94886)
(7.0492,10.1459,4.05666) (4.94769,10.1459,5.94886) (6.26898,11.4733,2.98278)
(6.26898,11.4733,2.98278) (4.94769,10.1459,5.94886) (3.96125,11.4733,5.06067)
(6.26898,11.4733,2.98278) (3.96125,11.4733,5.06067) (5.76805,13.1459,2.2933)
(5.76805,13.1459,2.2933) (3.96125,11.4733,5.06067) (3.32792,13.1459,4.49041)
(5.76805,13.1459,2.2933) (3.32792,13.1459,4.49041) (5.59544,15,2.05573)
(5.59544,15,2.05573) (3.32792,13.1459,4.49041) (3.10968,15,4.29391)
(3.10968,15,4.29391) (1.14359,15,7) (3.32792,16.8541,4.49041)
(3.32792,16.8541,4.49041) (1.14359,15,7) (1.39791,16.8541,7.14683)
(3.32792,16.8541,4.49041) (1.39791,16.8541,7.14683) (3.96125,18.5267,5.06067)
(3.96125,18.5267,5.06067) (1.39791,16.8541,7.14683) (2.13597,18.5267,7.57295)
(3.96125,18.5267,5.06067) (2.13597,18.5267,7.57295) (4.94769,19.8541,5.94886)
(4.94769,19.8541,5.94886) (2.13597,18.5267,7.57295) (3.28552,19.8541,8.23664)
(4.94769,19.8541,5.94886) (3.28552,19.8541,8.23664) (6.19069,20.7063,7.06806)
(6.19069,20.7063,7.06806) (3.28552,19.8541,8.23664) (4.73405,20.7063,9.07295)
(6.19069,20.7063,7.06806) (4.73405,20.7063,9.07295) (7.56855,21,8.30869)
(7.56855,21,8.30869) (4.73405,20.7063,9.07295) (6.33975,21,10)
(7.56855,21,8.30869) (6.33975,21,10) (8.94642,20.7063,9.54933)
(8.94642,20.7063,9.54933) (6.33975,21,10) (7.94545,20.7063,10.9271)
(8.94642,20.7063,9.54933) (7.94545,20.7063,10.9271) (10.1894,19.8541,10.6685)
(10.1894,19.8541,10.6685) (7.94545,20.7063,10.9271) (9.39397,19.8541,11.7634)
(10.1894,19.8541,10.6685) (9.39397,19.8541,11.7634) (11.1759,18.5267,11.5567)
(11.1759,18.5267,11.5567) (9.39397,19.8541,11.7634) (10.5435,18.5267,12.4271)
(11.1759,18.5267,11.5567) (10.5435,18.5267,12.4271) (11.8092,16.8541,12.127)
(11.8092,16.8541,12.127) (10.5435,18.5267,12.4271) (11.2816,16.8541,12.8532)
(11.8092,16.8541,12.127) (11.2816,16.8541,12.8532) (12.0274,15,12.3235)
(12.0274,15,12.3235) (11.2816,16.8541,12.8532) (11.5359,15,13)
(12.0274,15,12.3235) (11.5359,15,13) (11.8092,13.1459,12.127)
(11.8092,13.1459,12.127) (11.5359,15,13) (11.2816,13.1459,12.8532)
(11.8092,13.1459,12.127) (11.2816,13.1459,12.8532) (11.1759,11.4733,11.5567)
(11.1759,11.4733,11.5567) (11.2816,13.1459,12.8532) (10.5435,11.4733,12.4271)
(11.1759,11.4733,11.5567) (10.5435,11.4733,12.4271) (10.1894,10.1459,10.6685)
(10.1894,10.1459,10.6685) (10.5435,11.4733,12.4271) (9.39397,10.1459,11.7634)
(10.1894,10.1459,10.6685) (9.39397,10.1459,11.7634) (8.94642,9.29366,9.54933)
(8.94642,9.29366,9.54933) (9.39397,10.1459,11.7634) (7.94545,9.29366,10.9271)
(8.94642,9.29366,9.54933) (7.94545,9.29366,10.9271) (7.56855,9,8.30869)
(7.56855,9,8.30869) (7.94545,9.29366,10.9271) (6.33975,9,10)
(7.56855,9,8.30869) (6.33975,9,10) (6.19069,9.29366,7.06806)
(6.19069,9.29366,7.06806) (6.33975,9,10) (4.73405,9.29366,9.07295)
(6.19069,9.29366,7.06806) (4.73405,9.29366,9.07295) (4.94769,10.1459,5.94886)
(4.94769,10.1459,5.94886) (4.73405,9.29366,9.07295) (3.28552,10.1459,8.23664)
(4.94769,10.1459,5.94886) (3.28552,10.1459,8.23664) (3.96125,11.4733,5.06067)
(3.96125,11.4733,5.06067) (3.28552,10.1459,8.23664) (2.13597,11.4733,7.57295)
(3.96125,11.4733,5.06067) (2.13597,11.4733,7.57295) (3.32792,13.1459,4.49041)
(3.32792,13.1459,4.49041) (2.13597,11.4733,7.57295) (1.39791,13.1459,7.14683)
(3.32792,13.1459,4.49041) (1.39791,13.1459,7.14683) (3.10968,15,4.29391)
(3.10968,15,4.29391) (1.39791,13.1459,7.14683) (1.14359,15,7)
(1.14359,15,7) (-0.216904,15,10.0557) (1.39791,16.8541,7.14683)
(1.39791,16.8541,7.14683) (-0.216904,15,10.0557) (0.0623839,16.8541,10.1465)
(1.39791,16.8541,7.14683) (0.0623839,16.8541,10.1465) (2.13597,18.5267,7.57295)
(2.13597,18.5267,7.57295) (0.0623839,16.8541,10.1465) (0.87291,18.5267,10.4098)
(2.13597,18.5267,7.57295) (0.87291,18.5267,10.4098) (3.28552,19.8541,8.23664)
(3.28552,19.8541,8.23664) (0.87291,18.5267,10.4098) (2.13533,19.8541,10.82)
(3.28552,19.8541,8.23664) (2.13533,19.8541,10.82) (4.73405,20.7063,9.07295)
(4.73405,20.7063,9.07295) (2.13533,19.8541,10.82) (3.72608,20.7063,11.3369)
(4.73405,20.7063,9.07295) (3.72608,20.7063,11.3369) (6.33975,21,10)
(6.33975,21,10) (3.72608,20.7063,11.3369) (5.48943,21,11.9098)
(6.33975,21,10) (5.48943,21,11.9098) (7.94545,20.7063,10.9271)
(7.94545,20.7063,10.9271) (5.48943,21,11.9098) (7.25279,20.7063,12.4828)
(7.94545,20.7063,10.9271) (7.25279,20.7063,12.4828) (9.39397,19.8541,11.7634)
(9.39397,19.8541,11.7634) (7.25279,20.7063,12.4828) (8.84354,19.8541,12.9996)
(9.39397,19.8541,11.7634) (8.84354,19.8541,12.9996) (10.5435,18.5267,12.4271)
(10.5435,18.5267,12.4271) (8.84354,19.8541,12.9996) (10.106,18.5267,13.4098)
(10.5435,18.5267,12.4271) (10.106,18.5267,13.4098) (11.2816,16.8541,12.8532)
(11.2816,16.8541,12.8532) (10.106,18.5267,13.4098) (10.9165,16.8541,13.6732)
(11.2816,16.8541,12.8532) (10.9165,16.8541,13.6732) (11.5359,15,13)
(11.5359,15,13) (10.9165,16.8541,13.6732) (11.1958,15,13.7639)
(11.5359,15,13) (11.1958,15,13.7639) (11.2816,13.1459,12.8532)
(11.2816,13.1459,12.8532) (11.1958,15,13.7639) (10.9165,13.1459,13.6732)
(11.2816,13.1459,12.8532) (10.9165,13.1459,13.6732) (10.5435,11.4733,12.4271)
(10.5435,11.4733,12.4271) (10.9165,13.1459,13.6732) (10.106,11.4733,13.4098)
(10.5435,11.4733,12.4271) (10.106,11.4733,13.4098) (9.39397,10.1459,11.7634)
(9.39397,10.1459,11.7634) (10.106,11.4733,13.4098) (8.84354,10.1459,12.9996)
(9.39397,10.1459,11.7634) (8.84354,10.1459,12.9996) (7.94545,9.29366,10.9271)
(7.94545,9.29366,10.9271) (8.84354,10.1459,12.9996) (7.25279,9.29366,12.4828)
(7.94545,9.29366,10.9271) (7.25279,9.29366,12.4828) (6.33975,9,10)
(6.33975,9,10) (7.25279,9.29366,12.4828) (5.48943,9,11.9098)
(6.33975,9,10) (5.48943,9,11.9098) (4.73405,9.29366,9.07295)
(4.73405,9.29366,9.07295) (5.48943,9,11.9098) (3.72608,9.29366,11.3369)
(4.73405,9.29366,9.07295) (3.72608,9.29366,11.3369) (3.28552,10.1459,8.23664)
(3.28552,10.1459,8.23664) (3.72608,9.29366,11.3369) (2.13533,10.1459,10.82)
(3.28552,10.1459,8.23664) (2.13533,10.1459,10.82) (2.13597,11.4733,7.57295)
(2.13597,11.4733,7.57295) (2.13533,10.1459,10.82) (0.87291,11.4733,10.4098)
(2.13597,11.4733,7.57295) (0.87291,11.4733,10.4098) (1.39791,13.1459,7.14683)
(1.39791,13.1459,7.14683) (0.87291,11.4733,10.4098) (0.0623839,13.1459,10.1465)
(1.39791,13.1459,7.14683) (0.0623839,13.1459,10.1465) (1.14359,15,7)
(1.14359,15,7) (0.0623839,13.1459,10.1465) (-0.216904,15,10.0557)
(-0.216904,15,10.0557) (-0.91235,15,13.3275) (0.0623839,16.8541,10.1465)
(0.0623839,16.8541,10.1465) (-0.91235,15,13.3275) (-0.620298,16.8541,13.3582)
(0.0623839,16.8541,10.1465) (-0.620298,16.8541,13.3582) (0.87291,18.5267,10.4098)
(0.87291,18.5267,10.4098) (-0.620298,16.8541,13.3582) (0.22727,18.5267,13.4473)
(0.87291,18.5267,10.4098) (0.22727,18.5267,13.4473) (2.13533,19.8541,10.82)
(2.13533,19.8541,10.82) (0.22727,18.5267,13.4473) (1.54739,19.8541,13.5861)
(2.13533,19.8541,10.82) (1.54739,19.8541,13.5861) (3.72608,20.7063,11.3369)
(3.72608,20.7063,11.3369) (1.54739,19.8541,13.5861) (3.21084,20.7063,13.7609)
(3.72608,20.7063,11.3369) (3.21084,20.7063,13.7609) (5.48943,21,11.9098)
(5.48943,21,11.9098) (3.21084,20.7063,13.7609) (5.05478,21,13.9547)
(5.48943,21,11.9098) (5.05478,21,13.9547) (7.25279,20.7063,12.4828)
(7.25279,20.7063,12.4828) (5.05478,21,13.9547) (6.89873,20.7063,14.1485)
(7.25279,20.7063,12.4828) (6.89873,20.7063,14.1485) (8.84354,19.8541,12.9996)
(8.84354,19.8541,12.9996) (6.89873,20.7063,14.1485) (8.56217,19.8541,14.3234)
(8.84354,19.8541,12.9996) (8.56217,19.8541,14.3234) (10.106,18.5267,13.4098)
(10.106,18.5267,13.4098) (8.56217,19.8541,14.3234) (9.88229,18.5267,14.4621)
(10.106,18.5267,13.4098) (9.88229,18.5267,14.4621) (10.9165,16.8541,13.6732)
(10.9165,16.8541,13.6732) (9.88229,18.5267,14.4621) (10.7299,16.8541,14.5512)
(10.9165,16.8541,13.6732) (10.7299,16.8541,14.5512) (11.1958,15,13.7639)
(11.1958,15,13.7639) (10.7299,16.8541,14.5512) (11.0219,15,14.5819)
(11.1958,15,13.7639) (11.0219,15,14.5819) (10.9165,13.1459,13.6732)
(10.9165,13.1459,13.6732) (11.0219,15,14.5819) (10.7299,13.1459,14.5512)
(10.9165,13.1459,13.6732) (10.7299,13.1459,14.5512) (10.106,11.4733,13.4098)
(10.106,11.4733,13.4098) (10.7299,13.1459,14.5512) (9.88229,11.4733,14.4621)
(10.106,11.4733,13.4098) (9.88229,11.4733,14.4621) (8.84354,10.1459,12.9996)
(8.84354,10.1459,12.9996) (9.88229,11.4733,14.4621) (8.56217,10.1459,14.3234)
(8.84354,10.1459,12.9996) (8.56217,10.1459,14.3234) (7.25279,9.29366,12.4828)
(7.25279,9.29366,12.4828) (8.56217,10.1459,14.3234) (6.89873,9.29366,14.1485)
(7.25279,9.29366,12.4828) (6.89873,9.29366,14.1485) (5.48943,9,11.9098)
(5.48943,9,11.9098) (6.89873,9.29366,14.1485) (5.05478,9,13.9547)
(5.48943,9,11.9098) (5.05478,9,13.9547) (3.72608,9.29366,11.3369)
(3.72608,9.29366,11.3369) (5.05478,9,13.9547) (3.21084,9.29366,13.7609)
(3.72608,9.29366,11.3369) (3.21084,9.29366,13.7609) (2.13533,10.1459,10.82)
(2.13533,10.1459,10.82) (3.21084,9.29366,13.7609) (1.54739,10.1459,13.5861)
(2.13533,10.1459,10.82) (1.54739,10.1459,13.5861) (0.87291,11.4733,10.4098)
(0.87291,11.4733,10.4098) (1.54739,10.1459,13.5861) (0.22727,11.4733,13.4473)
(0.87291,11.4733,10.4098) (0.22727,11.4733,13.4473) (0.0623839,13.1459,10.1465)
(0.0623839,13.1459,10.1465) (0.22727,11.4733,13.4473) (-0.620298,13.1459,13.3582)
(0.0623839,13.1459,10.1465) (-0.620298,13.1459,13.3582) (-0.216904,15,10.0557)
(-0.216904,15,10.0557) (-0.620298,13.1459,13.3582) (-0.91235,15,13.3275)
(-0.91235,15,13.3275) (-0.91235,15,16.6725) (-0.620298,16.8541,13.3582)
(-0.620298,16.8541,13.3582) (-0.91235,15,16.6725) (-0.620298,16.8541,16.6418)
(-0.620298,16.8541,13.3582) (-0.620298,16.8541,16.6418) (0.22727,18.5267,13.4473)
(0.22727,18.5267,13.4473) (-0.620298,16.8541,16.6418) (0.22727,18.5267,16.5527)
(0.22727,18.5267,13.4473) (0.22727,18.5267,16.5527) (1.54739,19.8541,13.5861)
(1.54739,19.8541,13.5861) (0.22727,18.5267,16.5527) (1.54739,19.8541,16.4139)
(1.54739,19.8541,13.5861) (1.54739,19.8541,16.4139) (3.21084,20.7063,13.7609)
(3.21084,20.7063,13.7609) (1.54739,19.8541,16.4139) (3.21084,20.7063,16.2391)
(3.21084,20.7063,13.7609) (3.21084,20.7063,16.2391) (5.05478,21,13.9547)
(5.05478,21,13.9547) (3.21084,20.7063,16.2391) (5.05478,21,16.0453)
(5.05478,21,13.9547) (5.05478,21,16.0453) (6.89873,20.7063,14.1485)
(6.89873,20.7063,14.1485) (5.05478,21,16.0453) (6.89873,20.7063,15.8515)
(6.89873,20.7063,14.1485) (6.89873,20.7063,15.8515) (8.56217,19.8541,14.3234)
(8.56217,19.8541,14.3234) (6.89873,20.7063,15.8515) (8.56217,19.8541,15.6766)
(8.56217,19.8541,14.3234) (8.56217,19.8541,15.6766) (9.88229,18.5267,14.4621)
(9.88229,18.5267,14.4621) (8.56217,19.8541,15.6766) (9.88229,18.5267,15.5379)
(9.88229,18.5267,14.4621) (9.88229,18.5267,15.5379) (10.7299,16.8541,14.5512)
(10.7299,16.8541,14.5512) (9.88229,18.5267,15.5379) (10.7299,16.8541,15.4488)
(10.7299,16.8541,14.5512) (10.7299,16.8541,15.4488) (11.0219,15,14.5819)
(11.0219,15,14.5819) (10.7299,16.8541,15.4488) (11.0219,15,15.4181)
(11.0219,15,14.5819) (11.0219,15,15.4181) (10.7299,13.1459,14.5512)
(10.7299,13.1459,14.5512) (11.0219,15,15.4181) (10.7299,13.1459,15.4488)
(10.7299,13.1459,14.5512) (10.7299,13.1459,15.4488) (9.88229,11.4733,14.4621)
(9.88229,11.4733,14.4621) (10.7299,13.1459,15.4488) (9.88229,11.4733,15.5379)
(9.88229,11.4733,14.4621) (9.88229,11.4733,15.5379) (8.56217,10.1459,14.3234)
(8.56217,10.1459,14.3234) (9.88229,11.4733,15.5379) (8.56217,10.1459,15.6766)
(8.56217,10.1459,14.3234) (8.56217,10.1459,15.6766) (6.89873,9.29366,14.1485)
(6.89873,9.29366,14.1485) (8.56217,10.1459,15.6766) (6.89873,9.29366,15.8515)
(6.89873,9.29366,14.1485) (6.89873,9.29366,15.8515) (5.05478,9,13.9547)
(5.05478,9,13.9547) (6.89873,9.29366,15.8515) (5.05478,9,16.0453)
(5.05478,9,13.9547) (5.05478,9,16.0453) (3.21084,9.29366,13.7609)
(3.21084,9.29366,13.7609) (5.05478,9,16.0453) (3.21084,9.29366,16.2391)
(3.21084,9.29366,13.7609) (3.21084,9.29366,16.2391) (1.54739,10.1459,13.5861)
(1.54739,10.1459,13.5861) (3.21084,9.29366,16.2391) (1.54739,10.1459,16.4139)
(1.54739,10.1459,13.5861) (1.54739,10.1459,16.4139) (0.22727,11.4733,13.4473)
(0.22727,11.4733,13.4473) (1.54739,10.1459,16.4139) (0.22727,11.4733,16.5527)
(0.22727,11.4733,13.4473) (0.22727,11.4733,16.5527) (-0.620298,13.1459,13.3582)
(-0.620298,13.1459,13.3582) (0.22727,11.4733,16.5527) (-0.620298,13.1459,16.6418)
(-0.620298,13.1459,13.3582) (-0.620298,13.1459,16.6418) (-0.91235,15,13.3275)
(-0.91235,15,13.3275) (-0.620298,13.1459,16.6418) (-0.91235,15,16.6725)
(-0.91235,15,16.6725) (-0.216904,15,19.9443) (-0.620298,16.8541,16.6418)
(-0.620298,16.8541,16.6418) (-0.216904,15,19.9443) (0.0623839,16.8541,19.8535)
(-0.620298,16.8541,16.6418) (0.0623839,16.8541,19.8535) (0.22727,18.5267,16.5527)
(0.22727,18.5267,16.5527) (0.0623839,16.8541,19.8535) (0.87291,18.5267,19.5902)
(0.22727,18.5267,16.5527) (0.87291,18.5267,19.5902) (1.54739,19.8541,16.4139)
(1.54739,19.8541,16.4139) (0.87291,18.5267,19.5902) (2.13533,19.8541,19.18)
(1.54739,19.8541,16.4139) (2.13533,19.8541,19.18) (3.21084,20.7063,16.2391)
(3.21084,20.7063,16.2391) (2.13533,19.8541,19.18) (3.72608,20.7063,18.6631)
(3.21084,20.7063,16.2391) (3.72608,20.7063,18.6631) (5.05478,21,16.0453)
(5.05478,21,16.0453) (3.72608,20.7063,18.6631) (5.48943,21,18.0902)
(5.05478,21,16.0453) (5.48943,21,18.0902) (6.89873,20.7063,15.8515)
(6.89873,20.7063,15.8515) (5.48943,21,18.0902) (7.25279,20.7063,17.5172)
(6.89873,20.7063,15.8515) (7.25279,20.7063,17.5172) (8.56217,19.8541,15.6766)
(8.56217,19.8541,15.6766) (7.25279,20.7063,17.5172) (8.84354,19.8541,17.0004)
(8.56217,19.8541,15.6766) (8.84354,19.8541,17.0004) (9.88229,18.5267,15.5379)
(9.88229,18.5267,15.5379) (8.84354,19.8541,17.0004) (10.106,18.5267,16.5902)
(9.88229,18.5267,15.5379) (10.106,18.5267,16.5902) (10.7299,16.8541,15.4488)
(10.7299,16.8541,15.4488) (10.106,18.5267,16.5902) (10.9165,16.8541,16.3268)
(10.7299,16.8541,15.4488) (10.9165,16.8541,16.3268) (11.0219,15,15.4181)
(11.0219,15,15.4181) (10.9165,16.8541,16.3268) (11.1958,15,16.2361)
(11.0219,15,15.4181) (11.1958,15,16.2361) (10.7299,13.1459,15.4488)
(10.7299,13.1459,15.4488) (11.1958,15,16.2361) (10.9165,13.1459,16.3268)
(10.7299,13.1459,15.4488) (10.9165,13.1459,16.3268) (9.88229,11.4733,15.5379)
(9.88229,11.4733,15.5379) (10.9165,13.1459,16.3268) (10.106,11.4733,16.5902)
(9.88229,11.4733,15.5379) (10.106,11.4733,16.5902) (8.56217,10.1459,15.6766)
(8.56217,10.1459,15.6766) (10.106,11.4733,16.5902) (8.84354,10.1459,17.0004)
(8.56217,10.1459,15.6766) (8.84354,10.1459,17.0004) (6.89873,9.29366,15.8515)
(6.89873,9.29366,15.8515) (8.84354,10.1459,17.0004) (7.25279,9.29366,17.5172)
(6.89873,9.29366,15.8515) (7.25279,9.29366,17.5172) (5.05478,9,16.0453)
(5.05478,9,16.0453) (7.25279,9.29366,17.5172) (5.48943,9,18.0902)
(5.05478,9,16.0453) (5.48943,9,18.0902) (3.21084,9.29366,16.2391)
(3.21084,9.29366,16.2391) (5.48943,9,18.0902) (3.72608,9.29366,18.6631)
(3.21084,9.29366,16.2391) (3.72608,9.29366,18.6631) (1.54739,10.1459,16.4139)
(1.54739,10.1459,16.4139) (3.72608,9.29366,18.6631) (2.13533,10.1459,19.18)
(1.54739,10.1459,16.4139) (2.13533,10.1459,19.18) (0.22727,11.4733,16.5527)
(0.22727,11.4733,16.5527) (2.13533,10.1459,19.18) (0.87291,11.4733,19.5902)
(0.22727,11.4733,16.5527) (0.87291,11.4733,19.5902) (-0.620298,13.1459,16.6418)
(-0.620298,13.1459,16.6418) (0.87291,11.4733,19.5902) (0.0623839,13.1459,19.8535)
(-0.620298,13.1459,16.6418) (0.0623839,13.1459,19.8535) (-0.91235,15,16.6725)
(-0.91235,15,16.6725) (0.0623839,13.1459,19.8535) (-0.216904,15,19.9443)
(-0.216904,15,19.9443) (1.14359,15,23) (0.0623839,16.8541,19.8535)
(0.0623839,16.8541,19.8535) (1.14359,15,23) (1.39791,16.8541,22.8532)
(0.0623839,16.8541,19.8535) (1.39791,16.8541,22.8532) (0.87291,18.5267,19.5902)
(0.87291,18.5267,19.5902) (1.39791,16.8541,22.8532) (2.13597,18.5267,22.4271)
(0.87291,18.5267,19.5902) (2.13597,18.5267,22.4271) (2.13533,19.8541,19.18)
(2.13533,19.8541,19.18) (2.13597,18.5267,22.4271) (3.28552,19.8541,21.7634)
(2.13533,19.8541,19.18) (3.28552,19.8541,21.7634) (3.72608,20.7063,18.6631)
(3.72608,20.7063,18.6631) (3.28552,19.8541,21.7634) (4.73405,20.7063,20.9271)
(3.72608,20.7063,18.6631) (4.73405,20.7063,20.9271) (5.48943,21,18.0902)
(5.48943,21,18.0902) (4.73405,20.7063,20.9271) (6.33975,21,20)
(5.48943,21,18.0902) (6.33975,21,20) (7.25279,20.7063,17.5172)
(7.25279,20.7063,17.5172) (6.33975,21,20) (7.94545,20.7063,19.0729)
(7.25279,20.7063,17.5172) (7.94545,20.7063,19.0729) (8.84354,19.8541,17.0004)
(8.84354,19.8541,17.0004) (7.94545,20.7063,19.0729) (9.39397,19.8541,18.2366)
(8.84354,19.8541,17.0004) (9.39397,19.8541,18.2366) (10.106,18.5267,16.5902)
(10.106,18.5267,16.5902) (9.39397,19.8541,18.2366) (10.5435,18.5267,17.5729)
(10.106,18.5267,16.5902) (10.5435,18.5267,17.5729) (10.9165,16.8541,16.3268)
(10.9165,16.8541,16.3268) (10.5435,18.5267,17.5729) (11.2816,16.8541,17.1468)
(10.9165,16.8541,16.3268) (11.2816,16.8541,17.1468) (11.1958,15,16.2361)
(11.1958,15,16.2361) (11.2816,16.8541,17.1468) (11.5359,15,17)
(11.1958,15,16.2361) (11.5359,15,17) (10.9165,13.1459,16.3268)
(10.9165,13.1459,16.3268) (11.5359,15,17) (11.2816,13.1459,17.1468)
(10.9165,13.1459,16.3268) (11.2816,13.1459,17.1468) (10.106,11.4733,16.5902)
(10.106,11.4733,16.5902) (11.2816,13.1459,17.1468) (10.5435,11.4733,17.5729)
(10.106,11.4733,16.5902) (10.5435,11.4733,17.5729) (8.84354,10.1459,17.0004)
(8.84354,10.1459,17.0004) (10.5435,11.4733,17.5729) (9.39397,10.1459,18.2366)
(8.84354,10.1459,17.0004) (9.39397,10.1459,18.2366) (7.25279,9.29366,17.5172)
(7.25279,9.29366,17.5172) (9.39397,10.1459,18.2366) (7.94545,9.29366,19.0729)
(7.25279,9.29366,17.5172) (7.94545,9.29366,19.0729) (5.48943,9,18.0902)
(5.48943,9,18.0902) (7.94545,9.29366,19.0729) (6.33975,9,20)
(5.48943,9,18.0902) (6.33975,9,20) (3.72608,9.29366,18.6631)
(3.72608,9.29366,18.6631) (6.33975,9,20) (4.73405,9.29366,20.9271)
(3.72608,9.29366,18.6631) (4.73405,9.29366,20.9271) (2.13533,10.1459,19.18)
(2.13533,10.1459,19.18) (4.73405,9.29366,20.9271) (3.28552,10.1459,21.7634)
(2.13533,10.1459,19.18) (3.28552,10.1459,21.7634) (0.87291,11.4733,19.5902)
(0.87291,11.4733,19.5902) (3.28552,10.1459,21.7634) (2.13597,11.4733,22.4271)
(0.87291,11.4733,19.5902) (2.13597,11.4733,22.4271) (0.0623839,13.1459,19.8535)
(0.0623839,13.1459,19.8535) (2.13597,11.4733,22.4271) (1.39791,13.1459,22.8532)
(0.0623839,13.1459,19.8535) (1.39791,13.1459,22.8532) (-0.216904,15,19.9443)
(-0.216904,15,19.9443) (1.39791,13.1459,22.8532) (1.14359,15,23)
(1.14359,15,23) (3.10968,15,25.7061) (1.39791,16.8541,22.8532)
(1.39791,16.8541,22.8532) (3.10968,15,25.7061) (3.32792,16.8541,25.5096)
(1.39791,16.8541,22.8532) (3.32792,16.8541,25.5096) (2.13597,18.5267,22.4271)
(2.13597,18.5267,22.4271) (3.32792,16.8541,25.5096) (3.96125,18.5267,24.9393)
(2.13597,18.5267,22.4271) (3.96125,18.5267,24.9393) (3.28552,19.8541,21.7634)
(3.28552,19.8541,21.7634) (3.96125,18.5267,24.9393) (4.94769,19.8541,24.0511)
(3.28552,19.8541,21.7634) (4.94769,19.8541,24.0511) (4.73405,20.7063,20.9271)
(4.73405,20.7063,20.9271) (4.94769,19.8541,24.0511) (6.19069,20.7063,22.9319)
(4.73405,20.7063,20.9271) (6.19069,20.7063,22.9319) (6.33975,21,20)
(6.33975,21,20) (6.19069,20.7063,22.9319) (7.56855,21,21.6913)
(6.33975,21,20) (7.56855,21,21.6913) (7.94545,20.7063,19.0729)
(7.94545,20.7063,19.0729) (7.56855,21,21.6913) (8.94642,20.7063,20.4507)
(7.94545,20.7063,19.0729) (8.94642,20.7063,20.4507) (9.39397,19.8541,18.2366)
(9.39397,19.8541,18.2366) (8.94642,20.7063,20.4507) (10.1894,19.8541,19.3315)
(9.39397,19.8541,18.2366) (10.1894,19.8541,19.3315) (10.5435,18.5267,17.5729)
(10.5435,18.5267,17.5729) (10.1894,19.8541,19.3315) (11.1759,18.5267,18.4433)
(10.5435,18.5267,17.5729) (11.1759,18.5267,18.4433) (11.2816,16.8541,17.1468)
(11.2816,16.8541,17.1468) (11.1759,18.5267,18.4433) (11.8092,16.8541,17.873)
(11.2816,16.8541,17.1468) (11.8092,16.8541,17.873) (11.5359,15,17)
(11.5359,15,17) (11.8092,16.8541,17.873) (12.0274,15,17.6765)
(11.5359,15,17) (12.0274,15,17.6765) (11.2816,13.1459,17.1468)
(11.2816,13.1459,17.1468) (12.0274,15,17.6765) (11.8092,13.1459,17.873)
(11.2816,13.1459,17.1468) (11.8092,13.1459,17.873) (10.5435,11.4733,17.5729)
(10.5435,11.4733,17.5729) (11.8092,13.1459,17.873) (11.1759,11.4733,18.4433)
(10.5435,11.4733,17.5729) (11.1759,11.4733,18.4433) (9.39397,10.1459,18.2366)
(9.39397,10.1459,18.2366) (11.1759,11.4733,18.4433) (10.1894,10.1459,19.3315)
(9.39397,10.1459,18.2366) (10.1894,10.1459,19.3315) (7.94545,9.29366,19.0729)
(7.94545,9.29366,19.0729) (10.1894,10.1459,19.3315) (8.94642,9.29366,20.4507)
(7.94545,9.29366,19.0729) (8.94642,9.29366,20.4507) (6.33975,9,20)
(6.33975,9,20) (8.94642,9.29366,20.4507) (7.56855,9,21.6913)
(6.33975,9,20) (7.56855,9,21.6913) (4.73405,9.29366,20.9271)
(4.73405,9.29366,20.9271) (7.56855,9,21.6913) (6.19069,9.29366,22.9319)
(4.73405,9.29366,20.9271) (6.19069,9.29366,22.9319) (3.28552,10.1459,21.7634)
(3.28552,10.1459,21.7634) (6.19069,9.29366,22.9319) (4.94769,10.1459,24.0511)
(3.28552,10.1459,21.7634) (4.94769,10.1459,24.0511) (2.13597,11.4733,22.4271)
(2.13597,11.4733,22.4271) (4.94769,10.1459,24.0511) (3.96125,11.4733,24.9393)
(2.13597,11.4733,22.4271) (3.96125,11.4733,24.9393) (1.39791,13.1459,22.8532)
(1.39791,13.1459,22.8532) (3.96125,11.4733,24.9393) (3.32792,13.1459,25.5096)
(1.39791,13.1459,22.8532) (3.32792,13.1459,25.5096) (1.14359,15,23)
(1.14359,15,23) (3.32792,13.1459,25.5096) (3.10968,15,25.7061)
(3.10968,15,25.7061) (5.59544,15,27.9443) (3.32792,16.8541,25.5096)
(3.32792,16.8541,25.5096) (5.59544,15,27.9443) (5.76805,16.8541,27.7067)
(3.32792,16.8541,25.5096) (5.76805,16.8541,27.7067) (3.96125,18.5267,24.9393)
(3.96125,18.5267,24.9393) (5.76805,16.8541,27.7067) (6.26898,18.5267,27.0172)
(3.96125,18.5267,24.9393) (6.26898,18.5267,27.0172) (4.94769,19.8541,24.0511)
(4.94769,19.8541,24.0511) (6.26898,18.5267,27.0172) (7.0492,19.8541,25.9433)
(4.94769,19.8541,24.0511) (7.0492,19.8541,25.9433) (6.19069,20.7063,22.9319)
(6.19069,20.7063,22.9319) (7.0492,19.8541,25.9433) (8.03233,20.7063,24.5902)
(6.19069,20.7063,22.9319) (8.03233,20.7063,24.5902) (7.56855,21,21.6913)
(7.56855,21,21.6913) (8.03233,20.7063,24.5902) (9.12215,21,23.0902)
(7.56855,21,21.6913) (9.12215,21,23.0902) (8.94642,20.7063,20.4507)
(8.94642,20.7063,20.4507) (9.12215,21,23.0902) (10.212,20.7063,21.5902)
(8.94642,20.7063,20.4507) (10.212,20.7063,21.5902) (10.1894,19.8541,19.3315)
(10.1894,19.8541,19.3315) (10.212,20.7063,21.5902) (11.1951,19.8541,20.237)
(10.1894,19.8541,19.3315) (11.1951,19.8541,20.237) (11.1759,18.5267,18.4433)
(11.1759,18.5267,18.4433) (11.1951,19.8541,20.237) (11.9753,18.5267,19.1631)
(11.1759,18.5267,18.4433) (11.9753,18.5267,19.1631) (11.8092,16.8541,17.873)
(11.8092,16.8541,17.873) (11.9753,18.5267,19.1631) (12.4762,16.8541,18.4736)
(11.8092,16.8541,17.873) (12.4762,16.8541,18.4736) (12.0274,15,17.6765)
(12.0274,15,17.6765) (12.4762,16.8541,18.4736) (12.6489,15,18.2361)
(12.0274,15,17.6765) (12.6489,15,18.2361) (11.8092,13.1459,17.873)
(11.8092,13.1459,17.873) (12.6489,15,18.2361) (12.4762,13.1459,18.4736)
(11.8092,13.1459,17.873) (12.4762,13.1459,18.4736) (11.1759,11.4733,18.4433)
(11.1759,11.4733,18.4433) (12.4762,13.1459,18.4736) (11.9753,11.4733,19.1631)
(11.1759,11.4733,18.4433) (11.9753,11.4733,19.1631) (10.1894,10.1459,19.3315)
(10.1894,10.1459,19.3315) (11.9753,11.4733,19.1631) (11.1951,10.1459,20.237)
(10.1894,10.1459,19.3315) (11.1951,10.1459,20.237) (8.94642,9.29366,20.4507)
(8.94642,9.29366,20.4507) (11.1951,10.1459,20.237) (10.212,9.29366,21.5902)
(8.94642,9.29366,20.4507) (10.212,9.29366,21.5902) (7.56855,9,21.6913)
(7.56855,9,21.6913) (10.212,9.29366,21.5902) (9.12215,9,23.0902)
(7.56855,9,21.6913) (9.12215,9,23.0902) (6.19069,9.29366,22.9319)
(6.19069,9.29366,22.9319) (9.12215,9,23.0902) (8.03233,9.29366,24.5902)
(6.19069,9.29366,22.9319) (8.03233,9.29366,24.5902) (4.94769,10.1459,24.0511)
(4.94769,10.1459,24.0511) (8.03233,9.29366,24.5902) (7.0492,10.1459,25.9433)
(4.94769,10.1459,24.0511) (7.0492,10.1459,25.9433) (3.96125,11.4733,24.9393)
(3.96125,11.4733,24.9393) (7.0492,10.1459,25.9433) (6.26898,11.4733,27.0172)
(3.96125,11.4733,24.9393) (6.26898,11.4733,27.0172) (3.32792,13.1459,25.5096)
(3.32792,13.1459,25.5096) (6.26898,11.4733,27.0172) (5.76805,13.1459,27.7067)
(3.32792,13.1459,25.5096) (5.76805,13.1459,27.7067) (3.10968,15,25.7061)
(3.10968,15,25.7061) (5.76805,13.1459,27.7067) (5.59544,15,27.9443)
(5.59544,15,27.9443) (8.49221,15,29.6167) (5.76805,16.8541,27.7067)
(5.76805,16.8541,27.7067) (8.49221,15,29.6167) (8.61166,16.8541,29.3485)
(5.76805,16.8541,27.7067) (8.61166,16.8541,29.3485) (6.26898,18.5267,27.0172)
(6.26898,18.5267,27.0172) (8.61166,16.8541,29.3485) (8.95829,18.5267,28.5699)
(6.26898,18.5267,27.0172) (8.95829,18.5267,28.5699) (7.0492,19.8541,25.9433)
(7.0492,19.8541,25.9433) (8.95829,18.5267,28.5699) (9.49819,19.8541,27.3573)
(7.0492,19.8541,25.9433) (9.49819,19.8541,27.3573) (8.03233,20.7063,24.5902)
(8.03233,20.7063,24.5902) (9.49819,19.8541,27.3573) (10.1785,20.7063,25.8293)
(8.03233,20.7063,24.5902) (10.1785,20.7063,25.8293) (9.12215,21,23.0902)
(9.12215,21,23.0902) (10.1785,20.7063,25.8293) (10.9326,21,24.1355)
(9.12215,21,23.0902) (10.9326,21,24.1355) (10.212,20.7063,21.5902)
(10.212,20.7063,21.5902) (10.9326,21,24.1355) (11.6868,20.7063,22.4416)
(10.212,20.7063,21.5902) (11.6868,20.7063,22.4416) (11.1951,19.8541,20.237)
(11.1951,19.8541,20.237) (11.6868,20.7063,22.4416) (12.3671,19.8541,20.9136)
(11.1951,19.8541,20.237) (12.3671,19.8541,20.9136) (11.9753,18.5267,19.1631)
(11.9753,18.5267,19.1631) (12.3671,19.8541,20.9136) (12.907,18.5267,19.701)
(11.9753,18.5267,19.1631) (12.907,18.5267,19.701) (12.4762,16.8541,18.4736)
(12.4762,16.8541,18.4736) (12.907,18.5267,19.701) (13.2536,16.8541,18.9225)
(12.4762,16.8541,18.4736) (13.2536,16.8541,18.9225) (12.6489,15,18.2361)
(12.6489,15,18.2361) (13.2536,16.8541,18.9225) (13.3731,15,18.6542)
(12.6489,15,18.2361) (13.3731,15,18.6542) (12.4762,13.1459,18.4736)
(12.4762,13.1459,18.4736) (13.3731,15,18.6542) (13.2536,13.1459,18.9225)
(12.4762,13.1459,18.4736) (13.2536,13.1459,18.9225) (11.9753,11.4733,19.1631)
(11.9753,11.4733,19.1631) (13.2536,13.1459,18.9225) (12.907,11.4733,19.701)
(11.9753,11.4733,19.1631) (12.907,11.4733,19.701) (11.1951,10.1459,20.237)
(11.1951,10.1459,20.237) (12.907,11.4733,19.701) (12.3671,10.1459,20.9136)
(11.1951,10.1459,20.237) (12.3671,10.1459,20.9136) (10.212,9.29366,21.5902)
(10.212,9.29366,21.5902) (12.3671,10.1459,20.9136) (11.6868,9.29366,22.4416)
(10.212,9.29366,21.5902) (11.6868,9.29366,22.4416) (9.12215,9,23.0902)
(9.12215,9,23.0902) (11.6868,9.29366,22.4416) (10.9326,9,24.1355)
(9.12215,9,23.0902) (10.9326,9,24.1355) (8.03233,9.29366,24.5902)
(8.03233,9.29366,24.5902) (10.9326,9,24.1355) (10.1785,9.29366,25.8293)
(8.03233,9.29366,24.5902) (10.1785,9.29366,25.8293) (7.0492,10.1459,25.9433)
(7.0492,10.1459,25.9433) (10.1785,9.29366,25.8293) (9.49819,10.1459,27.3573)
(7.0492,10.1459,25.9433) (9.49819,10.1459,27.3573) (6.26898,11.4733,27.0172)
(6.26898,11.4733,27.0172) (9.49819,10.1459,27.3573) (8.95829,11.4733,28.5699)
(6.26898,11.4733,27.0172) (8.95829,11.4733,28.5699) (5.76805,13.1459,27.7067)
(5.76805,13.1459,27.7067) (8.95829,11.4733,28.5699) (8.61166,13.1459,29.3485)
(5.76805,13.1459,27.7067) (8.61166,13.1459,29.3485) (5.59544,15,27.9443)
(5.59544,15,27.9443) (8.61166,13.1459,29.3485) (8.49221,15,29.6167)
(8.49221,15,29.6167) (11.6734,15,30.6504) (8.61166,16.8541,29.3485)
(8.61166,16.8541,29.3485) (11.6734,15,30.6504) (11.7345,16.8541,30.3631)
(8.61166,16.8541,29.3485) (11.7345,16.8541,30.3631) (8.95829,18.5267,28.5699)
(8.95829,18.5267,28.5699) (11.7345,16.8541,30.3631) (11.9117,18.5267,29.5295)
(8.95829,18.5267,28.5699) (11.9117,18.5267,29.5295) (9.49819,19.8541,27.3573)
(9.49819,19.8541,27.3573) (11.9117,18.5267,29.5295) (12.1876,19.8541,28.2311)
(9.49819,19.8541,27.3573) (12.1876,19.8541,28.2311) (10.1785,20.7063,25.8293)
(10.1785,20.7063,25.8293) (12.1876,19.8541,28.2311) (12.5354,20.7063,26.5951)
(10.1785,20.7063,25.8293) (12.5354,20.7063,26.5951) (10.9326,21,24.1355)
(10.9326,21,24.1355) (12.5354,20.7063,26.5951) (12.9209,21,24.7815)
(10.9326,21,24.1355) (12.9209,21,24.7815) (11.6868,20.7063,22.4416)
(11.6868,20.7063,22.4416) (12.9209,21,24.7815) (13.3064,20.7063,22.9679)
(11.6868,20.7063,22.4416) (13.3064,20.7063,22.9679) (12.3671,19.8541,20.9136)
(12.3671,19.8541,20.9136) (13.3064,20.7063,22.9679) (13.6541,19.8541,21.3318)
(12.3671,19.8541,20.9136) (13.6541,19.8541,21.3318) (12.907,18.5267,19.701)
(12.907,18.5267,19.701) (13.6541,19.8541,21.3318) (13.9301,18.5267,20.0334)
(12.907,18.5267,19.701) (13.9301,18.5267,20.0334) (13.2536,16.8541,18.9225)
(13.2536,16.8541,18.9225) (13.9301,18.5267,20.0334) (14.1073,16.8541,19.1998)
(13.2536,16.8541,18.9225) (14.1073,16.8541,19.1998) (13.3731,15,18.6542)
(13.3731,15,18.6542) (14.1073,16.8541,19.1998) (14.1684,15,18.9126)
(13.3731,15,18.6542) (14.1684,15,18.9126) (13.2536,13.1459,18.9225)
(13.2536,13.1459,18.9225) (14.1684,15,18.9126) (14.1073,13.1459,19.1998)
(13.2536,13.1459,18.9225) (14.1073,13.1459,19.1998) (12.907,11.4733,19.701)
(12.907,11.4733,19.701) (14.1073,13.1459,19.1998) (13.9301,11.4733,20.0334)
(12.907,11.4733,19.701) (13.9301,11.4733,20.0334) (12.3671,10.1459,20.9136)
(12.3671,10.1459,20.9136) (13.9301,11.4733,20.0334) (13.6541,10.1459,21.3318)
(12.3671,10.1459,20.9136) (13.6541,10.1459,21.3318) (11.6868,9.29366,22.4416)
(11.6868,9.29366,22.4416) (13.6541,10.1459,21.3318) (13.3064,9.29366,22.9679)
(11.6868,9.29366,22.4416) (13.3064,9.29366,22.9679) (10.9326,9,24.1355)
(10.9326,9,24.1355) (13.3064,9.29366,22.9679) (12.9209,9,24.7815)
(10.9326,9,24.1355) (12.9209,9,24.7815) (10.1785,9.29366,25.8293)
(10.1785,9.29366,25.8293) (12.9209,9,24.7815) (12.5354,9.29366,26.5951)
(10.1785,9.29366,25.8293) (12.5354,9.29366,26.5951) (9.49819,10.1459,27.3573)
(9.49819,10.1459,27.3573) (12.5354,9.29366,26.5951) (12.1876,10.1459,28.2311)
(9.49819,10.1459,27.3573) (12.1876,10.1459,28.2311) (8.95829,11.4733,28.5699)
(8.95829,11.4733,28.5699) (12.1876,10.1459,28.2311) (11.9117,11.4733,29.5295)
(8.95829,11.4733,28.5699) (11.9117,11.4733,29.5295) (8.61166,13.1459,29.3485)
(8.61166,13.1459,29.3485) (11.9117,11.4733,29.5295) (11.7345,13.1459,30.3631)
(8.61166,13.1459,29.3485) (11.7345,13.1459,30.3631) (8.49221,15,29.6167)
(8.49221,15,29.6167) (11.7345,13.1459,30.3631) (11.6734,15,30.6504)
(11.6734,15,30.6504) (15,15,31) (11.7345,16.8541,30.3631)
(11.7345,16.8541,30.3631) (15,15,31) (15,16.8541,30.7063)
(11.7345,16.8541,30.3631) (15,16.8541,30.7063) (11.9117,18.5267,29.5295)
(11.9117,18.5267,29.5295) (15,16.8541,30.7063) (15,18.5267,29.8541)
(11.9117,18.5267,29.5295) (15,18.5267,29.8541) (12.1876,19.8541,28.2311)
(12.1876,19.8541,28.2311) (15,18.5267,29.8541) (15,19.8541,28.5267)
(12.1876,19.8541,28.2311) (15,19.8541,28.5267) (12.5354,20.7063,26.5951)
(12.5354,20.7063,26.5951) (15,19.8541,28.5267) (15,20.7063,26.8541)
(12.5354,20.7063,26.5951) (15,20.7063,26.8541) (12.9209,21,24.7815)
(12.9209,21,24.7815) (15,20.7063,26.8541) (15,21,25)
(12.9209,21,24.7815) (15,21,25) (13.3064,20.7063,22.9679)
(13.3064,20.7063,22.9679) (15,21,25) (15,20.7063,23.1459)
(13.3064,20.7063,22.9679) (15,20.7063,23.1459) (13.6541,19.8541,21.3318)
(13.6541,19.8541,21.3318) (15,20.7063,23.1459) (15,19.8541,21.4733)
(13.6541,19.8541,21.3318) (15,19.8541,21.4733) (13.9301,18.5267,20.0334)
(13.9301,18.5267,20.0334) (15,19.8541,21.4733) (15,18.5267,20.1459)
(13.9301,18.5267,20.0334) (15,18.5267,20.1459) (14.1073,16.8541,19.1998)
(14.1073,16.8541,19.1998) (15,18.5267,20.1459) (15,16.8541,19.2937)
(14.1073,16.8541,19.1998) (15,16.8541,19.2937) (14.1684,15,18.9126)
(14.1684,15,18.9126) (15,16.8541,19.2937) (15,15,19)
(14.1684,15,18.9126) (15,15,19) (14.1073,13.1459,19.1998)
(14.1073,13.1459,19.1998) (15,15,19) (15,13.1459,19.2937)
(14.1073,13.1459,19.1998) (15,13.1459,19.2937) (13.9301,11.4733,20.0334)
(13.9301,11.4733,20.0334) (15,13.1459,19.2937) (15,11.4733,20.1459)
(13.9301,11.4733,20.0334) (15,11.4733,20.1459) (13.6541,10.1459,21.3318)
(13.6541,10.1459,21.3318) (15,11.4733,20.1459) (15,10.1459,21.4733)
(13.6541,10.1459,21.3318) (15,10.1459,21.4733) (13.3064,9.29366,22.9679)
(13.3064,9.29366,22.9679) (15,10.1459,21.4733) (15,9.29366,23.1459)
(13.3064,9.29366,22.9679) (15,9.29366,23.1459) (12.9209,9,24.7815)
(12.9209,9,24.7815) (15,9.29366,23.1459) (15,9,25)
(12.9209,9,24.7815) (15,9,25) (12.5354,9.29366,26.5951)
(12.5354,9.29366,26.5951) (15,9,25) (15,9.29366,26.8541)
(12.5354,9.29366,26.5951) (15,9.29366,26.8541) (12.1876,10.1459,28.2311)
(12.1876,10.1459,28.2311) (15,9.29366,26.8541) (15,10.1459,28.5267)
(12.1876,10.1459,28.2311) (15,10.1459,28.5267) (11.9117,11.4733,29.5295)
(11.9117,11.4733,29.5295) (15,10.1459,28.5267) (15,11.4733,29.8541)
(11.9117,11.4733,29.5295) (15,11.4733,29.8541) (11.7345,13.1459,30.3631)
(11.7345,13.1459,30.3631) (15,11.4733,29.8541) (15,13.1459,30.7063)
(11.7345,13.1459,30.3631) (15,13.1459,30.7063) (11.6734,15,30.6504)
(11.6734,15,30.6504) (15,13.1459,30.7063) (15,15,31)
